230962
46883
62675
65547
312877
44695
50742
208803
86889
52267
13251
217282
417319
9310
215159
47578
354046
58474
120337
59302
80837
68520
227449
396517
58762
12535
116636
9907
485836
20875
141313
476222
61699
150333
56859
87678
29110
9427
266668
75729
2240
103953
67639
154599
16240
21116
145845
6473
2848
14320
64021
202091
84253
306731
25565
275788
15302
39866
318452
30877
114740
95990
452020
55189
59065
2276
174373
243343
24188
197128
695067
43030
20169
5802
75681
184796
241447
653720
6015
41035
186790
97366
3845
297562
66097
12291
198891
43080
2839
9891
19049
79633
18539
72839
234553
44726
43113
20637
71917
82129
192544
303364
85659
382
354973
54463
11813
3370
84495
226337
167899
352907
28334
233753
10469
39474
79456
68647
80034
66102
10524
6140
45552
48396
132383
153702
36531
82867
204673
266434
53561
332136
345909
138588
186377
43636
33140
134665
18484
164243
366293
16633
16926
311016
53862
77669
158964
70816
372316
204356
115010
110595
44461
2830
31211
28289
117816
57662
3064
77991
207129
58207
45455
8329
12374
2570
13090
264120
44696
187446
174340
166577
56007
217256
168024
24918
44420
207077
28117
13801
9544
206670
30826
37429
16518
34021
109930
34505
371585
725117
258882
158835
143109
374584
191396
129132
4937
65432
50456
415053
58553
201123
50824
122167
232309
58803
138455
119186
338
28926
474844
18032
96202
11387
78707
241529
115805
16627
51832
183143
57543
134030
7376
58670
61218
201115
37670
57996
33525
73374
360481
55011
44114
49974
74077
225291
42591
171326
8338
138097
45766
32513
5428
129467
57506
25318
162624
306292
32909
76827
24726
267134
131005
533
107627
118467
25072
179208
141764
63062
26417
4726
35825
69437
132845
146993
38564
50342
87652
125021
13207
338007
161384
98484
444293
175514
47964
26185
104797
64656
404021
112629
70498
21361
67585
159427
438012
162920
7262
11199
148165
49123
12376
117617
23657
68552
27746
30501
5799
41451
131479
34076
23081
160899
411637
142780
27820
221387
138583
501869
33240
82767
19186
8495
13505
651
329267
108462
11122
150385
231264
115875
161831
10721
323126
297159
21939
161962
227665
114846
347672
65727
22996
153363
81399
85797
441795
12802
391213
224537
184518
50984
50730
403754
15326
117736
10319
417254
76382
181907
44066
100815
160775
112657
47014
8685
1384
138224
67263
53995
163384
116719
64953
129
36197
127019
301762
119397
20613
151913
176500
35051
153381
20958
46841
215911
95178
67362
3136
32366
514513
150386
19520
2267
55604
131278
158900
65164
34450
99936
164336
180933
72902
150598
9424
107537
57312
93298
173131
30975
289451
70033
141736
152446
62548
56009
134032
81065
45716
77949
101162
438126
441542
116072
9585
185495
7252
331315
84126
20573
133191
96653
212691
19828
59899
36756
127383
10648
122311
138161
5908
270
74839
171573
184311
19745
34357
213689
159328
302497
42220
63841
219991
216
28894
178093
19578
205778
140203
59745
44469
54233
214760
59036
498
169344
24836
204003
83631
36957
37214
274709
300270
243527
31027
7503
536537
17220
33696
105119
326579
13505
372223
156670
31004
176608
106058
29038
14019
148314
38123
54549
7181
75170
278553
104216
7854
269881
370025
77650
5004
152849
95612
116223
274298
179826
52965
142670
31500
39282
145765
88955
150344
86230
218050
127022
350717
197601
112268
6970
54320
30926
58388
7058
117993
108391
150985
125975
15258
72485
74031
120836
94311
461152
81656
97904
300153
103873
53855
5838
50086
220790
3987
47356
2899
4228
138308
31865
230623
266961
129306
93632
11538
7530
159709
129074
82309
84858
148619
368272
46824
204297
36365
27538
28048
26511
243095
386249
99019
12743
2241
147912
111458
128394
185033
228567
4607
313528
146278
10777
1801
100493
9839
66577
332261
25862
36982
15610
109855
77159
114843
119709
60334
191190
251981
184861
50086
49313
433904
127955
174049
347287
335671
588832
206157
29582
197387
89551
139434
72949
15866
84728
376105
66000
11193
21498
268283
157854
74374
44711
93716
901
172929
54098
17104
25728
92761
32731
95513
158262
59704
320125
353954
199917
12486
187852
224156
47141
30578
12135
144866
322681
121252
67952
344503
198502
136342
87294
250747
150328
325184
132114
152546
14607
333398
226488
70121
97234
225759
1073
239531
89638
42350
276
7254
163905
239849
38720
69449
465222
125755
407526
116289
15959
58171
74859
320370
164481
246920
38507
103074
8216
67329
3731
463324
255469
26757
24546
139485
82881
94822
76853
194373
72008
53978
209929
144842
328075
173996
94515
4149
63042
241971
58381
39739
256226
219096
159509
21133
149917
127628
185062
234096
91955
27690
84754
190926
163075
58400
161179
15005
18154
213560
140400
44825
132821
48044
196340
26334
14528
72717
117379
108508
209010
110718
10742
121694
119222
10353
20653
55414
80953
7976
5107
54605
97849
87846
19813
28189
5482
340888
34311
315644
138501
135707
878
277767
22857
425637
24108
67396
23601
20007
155033
296585
16724
8106
364710
47912
12486
30482
57279
34718
120855
151024
270912
195848
194545
37981
27982
175863
2936
175375
129139
3251
19787
130106
222321
1739
64836
15457
28573
104392
459769
200504
148512
30527
39466
106277
204302
84568
58251
127765
17377
4765
574702
93531
171948
71537
40253
1406
348844
83865
82758
10273
46238
48262
37271
260331
53350
34447
133443
1710
286088
77817
37701
186053
10121
7909
14993
212129
3088
10663
277895
323237
25587
58918
194841
36071
64389
245620
124101
20827
105873
93209
23977
10294
142947
63472
9422
126621
91954
90644
176521
339029
62201
92327
17072
62592
29181
886
241144
32999
3143
88156
104921
3058
35219
178466
45430
96175
23930
90268
129664
25449
56398
224305
8796
43300
14394
88822
30547
13363
277327
1092
42678
189519
309362
59059
4247
104113
233068
33506
184187
190079
103932
54434
2240
20578
74930
172301
21876
59827
233251
15454
140701
34185
16925
115445
32
23765
250916
474038
38958
44905
44700
42392
173047
8859
262350
254551
9385
1910
72238
165375
3796
10462
8583
133993
264773
33684
160691
161027
392595
123622
121162
79051
92870
240437
62165
133861
162475
2355
72813
1177
54143
178903
25590
26768
56142
33804
63206
388946
52524
23997
299948
122630
1640
54392
86659
100544
142578
11806
170497
72481
9461
742493
152928
34083
115606
170732
76040
184091
120591
26463
135924
193131
336153
3731
246615
44869
36608
172504
126753
17140
73046
18834
9680
96803
46013
107846
22164
20065
83630
41670
35174
7209
137422
13140
379818
2175
112534
168287
32329
78391
14886
22368
5081
79695
2645
114878
81512
80035
46275
146595
79979
2527
178404
73957
165936
126881
23963
12626
148813
186238
27919
94985
257511
158218
30384
64477
12416
116512
7336
356657
37636
83651
30039
124170
262087
15332
6666
38732
148367
91135
75618
405816
232762
53383
335109
62337
115087
44314
154917
162797
111108
65631
145618
243519
53901
287417
44610
244014
51348
19707
120094
88220
370101
98129
226404
82538
4282
6857
138800
40694
149044
83301
4818
104944
122350
60573
50222
66325
272982
351249
57592
173919
67870
11015
56301
349340
221909
39211
121611
243130
122389
27231
28664
233920
69068
126440
100186
43341
14969
425402
238055
128207
10133
48544
18548
50205
4751
6774
65113
109512
219013
181573
35209
45278
46377
46882
36355
215969
3350
93385
120034
15873
84678
208243
92519
103110
130508
83840
38261
68636
149955
89692
11737
120135
81719
41051
0
28769
217717
37077
78342
95352
328685
53524
60284
42576
82589
103850
12922
64417
189308
154155
78744
468463
2114
75413
102328
12856
145042
111157
20207
1391
121889
469518
219025
335605
288129
10077
58031
26513
229741
367955
62774
12657
43931
67115
112828
85187
36263
162046
72304
328779
260366
82830
105944
50903
39193
56619
102527
5599
56324
5923
55345
42270
349629
400192
20330
67479
100457
51150
31390
3367
12706
52294
137274
14996
126121
69005
15728
123174
29657
233579
53851
15423
5931
320649
10718
65329
8300
50463
15062
132333
5673
32090
11042
22057
739
53041
16056
51579
262003
60363
177574
17309
169476
35664
139774
16692
13801
19615
143084
13730
3031
159742
54499
36489
47958
33497
44373
77320
5887
54956
30146
366521
31071
164997
218821
28961
48355
15948
42749
194000
157334
65782
203171
71986
258084
5550
45178
18830
47254
104979
8054
182187
196549
982145
86547
27154
44156
280025
23309
713
9985
29942
82564
40554
11218
15114
47899
65452
14
91316
530135
12707
91602
287925
126341
34867
69917
17602
116959
74996
53591
101069
145606
234615
7583
18588
99488
49804
31125
3928
159821
238431
28752
99680
56912
131004
259487
15267
136925
55030
26898
110539
76454
194168
157523
367248
82208
16398
153784
11638
10881
61519
93022
155826
89365
589632
195016
6089
230147
63261
39409
115157
2555
22843
2285
94288
114359
6523
180254
43124
256047
64153
72263
16702
92661
132286
394227
248050
184145
64230
122788
1003
153735
261107
142849
415620
149049
100574
39369
39953
121998
83470
37098
37181
157548
494413
58862
214524
28532
60754
234143
79482
170409
341312
388969
341029
177146
79711
115170
162608
71184
130931
47335
73703
181654
64550
3434
118351
13630
99052
75299
155204
122076
75504
17321
162156
393579
169983
65686
11025
94484
32557
61165
230360
83089
28956
125032
127728
20203
10309
42141
19888
70962
34169
598951
39998
16067
38996
208523
245131
67617
451472
128016
287743
1461
158659
89457
122547
45309
137713
24648
176763
176416
69380
16227
287215
116205
61065
98423
212851
60224
62314
21079
59763
74699
93975
283397
10489
322047
9330
71966
102906
46965
55497
178002
225
3133
58981
102648
260973
68923
147090
286993
119678
174136
212766
1919
56986
204581
92073
15389
114341
96163
349
38063
291469
68960
16338
74913
57348
184613
11133
11092
82378
53886
34243
212811
175
159214
400818
82605
45858
8001
93208
30728
1905
18979
88777
105777
123228
55649
5139
110739
11540
54215
185443
15049
47257
277617
49510
126724
24332
240175
23685
137705
342242
69396
53025
179756
40167
172861
98397
15361
50869
19495
137759
594
3630
46490
116632
198594
225825
144477
23241
156122
36557
67873
40116
142344
32391
101662
50711
85347
23823
18864
184016
1001
69579
1430
123387
121852
309343
19454
52953
28818
31178
113808
157813
8391
36092
187935
369736
232559
8790
138631
48992
96618
271316
14122
4932
17874
20042
50924
142613
181756
368629
42758
9927
24853
349329
65142
35893
196056
271909
20269
83453
173461
17707
19126
247767
21684
34712
45054
24672
18010
28121
63467
74304
65827
104937
92189
61212
86964
177564
39989
144332
33409
196317
213278
15977
27452
28382
103242
7254
32310
31176
34297
86632
84196
27394
75274
171032
99918
212533
323308
39925
84059
36962
152462
35273
128385
281559
36633
12000
95544
82759
15997
60715
49268
55874
83636
46757
37050
290051
11078
31596
275089
132957
110508
63022
22394
16334
40580
352477
25859
15870
7731
58589
109095
2338
213812
40368
282271
298766
142825
279331
101999
194415
59698
29089
396441
105
4132
16525
33646
189703
148626
67688
62632
749488
10112
207104
67346
106205
398490
308189
56705
12211
52466
34516
67463
106433
1661
12634
6838
194890
48588
65409
203331
166696
27357
87543
101183
172688
10833
103748
10829
102995
130342
9948
27829
50644
48841
130957
9209
40435
237930
50865
57723
4946
109485
65145
15011
159798
104400
26473
1558
135288
146791
30765
20581
130584
44339
120332
135495
186701
4107
212746
160783
407417
179083
47366
34192
370039
18715
116782
125079
277730
131636
58341
84867
24860
166101
89316
164315
98155
42509
99543
127184
136580
100051
22375
77826
15629
12463
196958
134436
276799
80317
84577
56889
212949
128990
131688
138332
188986
174767
4018
7716
95964
150941
157920
97689
90694
110059
102035
168647
29590
26221
82325
53102
18978
69864
20104
15293
281910
517303
37087
315857
95461
127141
261901
30106
1943
210340
15455
61629
16419
245274
173758
222203
59411
33863
118273
114387
33286
57167
35542
442969
256480
29274
80928
172788
15775
20354
138468
105658
57251
58422
45084
135219
66044
53570
14192
58464
27497
53927
230705
247420
78649
92723
92001
199985
2971
38874
157198
511076
9843
9874
96127
35037
72267
127110
27633
42092
10802
553065
54112
67397
13122
19779
18120
5860
258143
82727
294119
6663
83579
232980
57089
44496
82016
33827
107321
79733
2543
160725
6589
104940
35523
237608
163751
263415
256341
204634
299439
66815
84568
106587
353593
331524
56530
602483
28223
242
26330
146358
359594
27561
175029
16215
1920
22581
19642
99529
83626
36780
77595
356570
139288
173837
25012
7454
193007
67345
186693
14242
38348
14654
223444
51322
32338
74769
6658
246137
30105
251056
54358
40224
83435
7328
18744
79475
437535
254766
3118
171940
259802
564
72073
7379
1387
224052
10065
147389
295592
20443
245340
38663
173987
103231
34033
49740
9916
145775
5682
152516
54441
16535
174155
105125
203355
7370
260964
191563
188949
114523
219419
60069
46458
19348
143911
27993
190440
184061
368958
61244
36838
207400
16088
64731
20369
27644
164265
66359
40980
44326
108192
135793
144542
135676
248062
169126
110791
29900
277439
8149
70133
156024
207769
82965
111766
223007
10583
102488
361779
43857
73993
250375
95755
108962
74676
78494
198269
18694
62125
45155
284469
723894
481745
15662
56088
4842
31743
274048
113456
31206
130822
170276
5980
55294
177228
128817
31577
162513
124898
58443
512853
311424
68716
36781
126732
56620
304
166834
314282
17098
24737
210693
14361
41705
10893
15519
145947
70089
140206
111892
119055
354917
177112
169491
299414
138757
199454
165161
59771
417600
146843
203352
13394
58294
53816
526881
58133
357134
97180
6011
103819
288493
73758
28420
53049
89766
55869
52449
52865
45231
45932
152139
156396
158053
49126
72223
99644
3598
145779
6221
10269
106736
130575
70557
7408
58507
196289
179144
302806
9905
3082
158837
45108
110296
63629
81143
48065
100878
48790
17247
28904
65110
113997
210906
13057
29135
71565
38418
169668
179368
24845
26449
97504
85835
182197
32498
607318
17224
2765
66023
120254
285276
37578
878
75670
52616
214614
29014
12691
129715
5487
323654
91279
27749
305487
141506
45698
28745
222273
116953
71635
4842
49317
274814
565777
2815
47075
398714
217118
105727
36358
116334
13588
20752
7753
146230
61930
71411
25315
39989
61623
8316
132716
31653
30221
31108
86416
54471
23484
25362
33961
229176
34598
123353
29323
106677
223243
79861
346447
7682
17201
68586
45747
110447
191457
169566
326526
259083
139580
87839
12999
39659
492481
257628
127892
2753
130951
33856
345015
42183
210586
91240
42999
146645
130015
27661
27215
23906
38487
140029
209150
69229
269416
134309
7311
258705
179351
182976
115326
49207
37160
33352
190562
13240
26478
27970
19145
115033
170845
98429
20331
570
61493
37082
248848
29011
66382
44594
174597
149069
61502
106037
142736
19571
290533
19419
56472
95687
10065
47121
16599
74840
50909
345348
42081
82012
9579
2951
236705
115834
29520
274209
215745
1004
46026
66718
24608
314304
60254
159210
10012
102512
155496
197889
430493
25194
181121
121704
77208
153887
250052
33829
16188
0
41599
24494
178202
47360
177258
91192
16542
11607
87708
422374
116943
202093
74746
102024
170016
178151
17515
158613
133690
283733
15680
9752
39106
8366
337129
100504
237681
636705
86471
51999
85940
86466
36160
1985
26816
140010
55038
33130
194888
29312
69161
31344
135890
744
283552
597144
29290
88597
192343
232759
6247
52505
264974
10824
33600
1864
346969
48676
186511
79306
78617
56373
76473
126336
105758
151080
48923
192514
213534
59013
73558
85714
52996
121875
72503
669
711150
142076
33767
78000
103663
59738
5725
44221
115457
7224
371428
29417
47227
72716
47923
91200
57151
23740
84647
189841
8372
90584
64330
57766
86466
44693
132790
28666
146602
94288
361160
175
270416
64274
8171
119411
179003
67556
59917
331291
216573
25896
65397
26643
50176
137433
21947
17716
14426
71593
17276
449645
140957
104964
72121
19796
22475
66518
135921
527891
152638
178534
83928
159949
13476
25779
40430
267
76292
164342
181050
688377
71068
4728
231727
31791
59187
41937
212395
191278
69617
71571
129827
143218
14871
28935
340607
13383
57809
19196
306608
17923
262806
612
42672
32770
26391
26871
27182
90097
160560
97583
84726
135311
180004
280806
138501
138252
36312
223933
48679
132593
222656
101568
748
94078
134890
357766
214209
90262
35536
3012
441608
142607
2273
609
40409
38929
39519
130241
29794
59791
51864
58481
53150
26689
306600
92487
99515
119759
153940
151612
169071
21706
215777
92790
5225
94516
106821
85657
19072
40478
111119
24361
32487
18791
11563
158047
127034
118319
60099
60087
415687
132322
6073
35149
7227
361428
7466
112426
34871
88983
225294
77486
284355
48526
128673
21902
110994
22695
63120
9987
132488
5181
455167
48394
110024
7371
13093
13369
47740
59605
151083
74850
182789
233753
88253
342555
493171
216270
38304
231887
66207
48389
45003
71398
99079
90681
19303
225260
298966
346028
8059
52379
1606
114176
61987
37498
167532
27981
108307
95124
44721
196067
60836
43257
381224
19929
17748
181427
101194
76548
12307
27841
116929
154111
36404
47134
359599
159047
99394
110853
5242
33015
66276
94180
72371
88013
16661
365579
57884
37901
91247
81342
26079
18211
354987
11120
194715
120618
193950
214664
18654
81880
51163
40118
39208
15212
50871
115749
294018
117363
46653
67967
135938
65292
115541
31343
135320
4230
206915
94157
2709
4464
195872
4741
69140
443791
165476
72074
73735
41975
12346
30793
100672
93597
13347
62341
283232
16727
12963
226016
434127
93003
109520
329708
145682
107803
348148
190310
17783
214458
12685
15067
35047
279047
160286
81284
51794
122083
97521
22084
112561
88254
12900
12952
21036
157437
20960
45679
25531
62896
89948
14761
297104
301814
27497
23871
9231
103320
9394
45271
7494
829
86084
5260
52426
97904
179847
46313
56938
107787
35169
731109
76845
93254
58691
300813
21483
12557
284046
21103
168911
312391
3904
228828
130600
38235
106653
105808
460390
121853
118778
29284
165434
95931
10471
6187
130977
1104
9675
285315
201154
32297
119076
42905
67719
23479
303423
85172
19586
126752
103716
83213
39813
110762
15226
19978
37349
127624
51219
90827
193343
223980
31235
6329
10506
200415
436703
43508
74025
110620
85356
505
83329
7525
101252
87941
60800
100009
24939
85333
237606
22727
86287
140335
95139
198282
158063
20804
61418
122246
16946
115006
22806
4597
218103
106441
51165
22259
268734
6877
33291
44321
160449
149990
51620
33477
32294
230100
21802
273313
8886
51462
138091
125594
80713
153778
87507
239818
77422
238248
516491
87694
329419
2587
80747
34351
23602
114086
238544
12722
12725
56808
94152
115720
333724
80893
135128
16441
365295
50550
175936
92195
1361
399596
20079
221
146267
12169
275379
20031
176608
11125
222832
178725
89446
11481
71652
6501
54215
80097
79850
254914
16435
44170
279166
161382
101165
47378
83734
36240
19826
19542
30110
92202
22081
5876
458781
89042
13483
56834
61527
40619
50442
314871
22595
42071
55609
132262
33746
193669
84042
81954
125558
9737
17456
16094
53488
250216
128222
73427
33997
43260
201985
217234
383489
167951
16530
50922
66012
188222
14194
95390
57302
288350
151603
20745
226062
132319
463270
29275
25944
174140
179898
82690
113488
182659
65493
102542
62179
382734
114025
408746
136676
13021
253103
26172
6011
86003
84148
60689
21239
387417
187027
16347
10326
30571
147952
143530
406656
136023
69231
147776
101182
112904
161229
14782
170081
109640
47814
17124
114237
573319
133713
281206
82158
128856
441069
5038
256661
63060
0
118149
289974
16547
124414
25798
203231
118953
416832
177599
243868
311651
39036
109823
9778
2639
4678
151947
121538
43292
38487
103896
116582
64171
133884
33958
18633
168041
17002
41821
93832
10098
122623
30023
144793
14291
165150
84509
47816
224821
205843
280104
24856
1038732
43502
102773
132671
155963
37591
184992
67893
244582
81356
70540
276320
13901
183268
265172
234509
20772
89181
269561
71908
18521
12134
102077
85190
210761
19796
40324
254091
15964
247584
146187
44400
34036
48858
635
132530
196861
521654
192731
282324
64177
17395
37599
3067
164229
42428
91840
122803
95011
168267
104686
3552
5354
85138
69340
47803
63509
112827
135874
298
208979
175763
214632
43213
24226
65754
150245
223561
75784
37639
132567
238540
79417
177727
69128
148007
151271
153579
178818
75438
8472
84583
42856
520158
37999
11529
61295
37027
80241
133745
337644
138918
31021
224780
97103
11070
148298
89903
46039
22347
73351
152773
26748
22059
86628
117834
16206
21261
22601
147455
356180
26277
76322
28359
23846
241110
103541
53599
36219
46226
59985
70451
211745
232971
414932
49738
30586
25734
367680
14871
43108
71653
178629
103714
124191
184106
128618
40423
3966
22409
212500
1175
152447
32026
85508
40243
213627
16484
101591
33386
156493
17218
447939
256023
72236
46115
13005
27624
45160
77901
118224
285038
23504
194840
26687
387185
90242
272224
4782
23955
136481
19084
67426
42296
39375
58090
166319
8912
45670
395133
9155
187336
9657
69687
459059
111530
76390
83884
17931
27466
141114
18151
94856
159539
2556
141447
168101
38421
382735
25455
49294
26126
89412
68705
222430
78350
159728
546
31411
131523
8666
81282
50218
578695
99732
136486
93596
26492
89185
58150
60166
7306
36745
103377
105931
175680
299344
223067
110229
237757
569822
76290
178008
184722
53673
24981
118429
49701
35647
14350
82485
158550
46564
38582
13418
17371
485694
49766
276164
63609
14685
178866
19123
34586
87304
16431
423711
25959
79884
62959
21244
178886
27024
136719
246501
205348
117515
46218
36982
45874
231303
167467
12328
212935
30214
317399
73439
79660
3465
1326
14363
161339
222718
463251
183460
29391
38241
263502
127602
19445
189926
95437
594
31734
25131
47316
2260
126026
20263
150236
50888
31853
124484
58547
162068
1484
14530
46668
513246
253247
146778
25578
4941
82928
242553
44957
297797
280841
104037
9023
12420
7830
57183
28422
114433
140717
15266
133060
449352
195733
77704
328670
33825
35311
484330
149540
488516
10461
75715
87814
149815
89692
55796
219548
126435
17874
31558
65267
224777
141478
48128
13635
102848
39529
15194
60746
376979
39457
114319
4761
261851
138220
218628
18695
61602
131490
34057
146439
142948
6706
31704
75703
13019
53807
16956
40204
80629
53535
185663
60490
204750
9412
332991
153148
84986
15563
208502
149395
182
133918
35879
17474
17673
56817
170038
167662
115245
55127
373012
202681
390449
186413
336240
12562
41745
82946
329508
128388
68799
20143
759
116658
111145
31420
170080
4587
63871
202810
551546
37353
178468
61657
71094
37029
21143
9217
21423
28244
53262
57499
64330
43417
168272
2198
256434
194454
408893
4681
43654
107984
725
33314
24907
83134
3960
17462
14556
72396
328676
40043
3450
204755
22646
76663
114012
190291
52205
57988
41637
288310
238963
81159
24717
21091
91117
20095
14166
16255
176627
11241
194295
281357
5327
38852
1019
54273
101635
136326
46919
165909
239738
14321
37148
44154
10959
80253
422091
66693
114930
3688
66177
131637
118497
115041
431640
3997
92620
128417
69366
20689
61740
79309
158353
166101
33918
125417
52658
35407
68405
112050
33399
37654
454
345258
76737
466669
54570
54344
14002
124648
539526
110677
42035
105682
124549
81204
115409
33919
368460
51191
21348
70829
54411
304130
87754
300917
63212
9123
47338
10715
128389
173219
62217
392608
31311
84639
146058
182030
180386
98097
19215
16418
31184
52828
40585
7792
84494
29271
56594
67606
17227
142985
153139
360926
58608
43966
135948
284116
592
125914
159084
9116
19168
84891
1379
41570
230464
94765
19924
259238
78557
34092
68222
31490
123924
96039
125837
116576
79251
175743
102133
114084
172811
7605
52052
200348
199405
263471
127420
77322
267433
59920
10380
10109
90498
284678
22565
152326
31067
34943
84389
118615
1340
124053
29637
83300
15346
182905
96925
155159
19175
10604
74771
561823
102900
139332
46202
46304
169669
60786
29530
563067
150965
48397
240003
11118
52906
249554
200999
201324
28006
38192
69664
8399
33994
17865
8737
90781
24668
177741
69835
1155
23829
145651
16302
3971
195339
45767
38773
181983
56422
67142
66487
379036
40257
48233
61799
61160
170758
15482
67849
41520
164232
6423
11462
27030
48166
17038
9228
394619
13727
176321
39118
14219
156928
102138
370631
31620
236994
16679
4606
3255
70028
3821
95259
115358
39967
15211
52038
28955
1208484
22846
34493
41876
145289
107041
4916
237866
193505
114284
12831
42160
90338
176337
71286
120547
90623
260361
2457
65302
179538
7570
61056
89912
4395
30949
75204
91828
46951
64416
84080
8156
24207
165712
155282
160077
23290
184344
59796
206565
38749
204723
48281
132068
49707
61250
19065
36763
42381
231129
136662
1522
171883
72151
362810
81905
572166
1843
34382
171242
10588
72564
116735
63517
31440
165182
209566
129099
143734
31496
991
17311
114338
29462
153930
52318
41438
63210
167475
101301
103493
148453
10204
11722
52074
130783
70976
61958
439490
39466
58277
50156
13015
371841
292225
98306
118330
100060
19688
43942
94897
20924
46009
100519
73752
77902
375069
102635
115810
20266
132466
47471
67674
43829
64673
196278
389099
148001
47978
1136
332803
143940
15805
192290
169636
100977
16824
143751
169131
33500
8225
44412
133197
275565
180057
26373
74512
4325
11499
27365
238529
37259
107185
68019
18401
73952
69052
25002
44043
102729
81917
120026
396081
246929
29252
42165
127016
22405
133936
240243
235806
22516
145715
58432
63977
466829
96666
3801
37579
579930
107188
43244
3608
39089
48833
145842
9535
533547
5304
111421
72295
86546
4952
133000
23139
7967
80814
28844
218167
83838
33243
170254
21369
59263
133818
16576
107363
49222
160691
168721
85628
3090
7945
810
14196
33421
2375
81871
242017
77214
498364
594
151254
47229
180189
189907
91014
160510
40115
36368
134606
53694
55560
62192
96503
88444
19777
309970
323214
145623
111558
108474
2980
3598
182202
204423
61558
336985
119538
94663
26009
23168
179107
16788
17047
24847
20732
26828
116624
108797
187924
178248
164250
35956
36732
35752
48727
116608
42716
134018
871
97752
336401
126428
176576
40649
63036
124143
21613
166905
75155
315890
122046
8261
18901
167909
7506
35992
44809
2264
93891
299277
155519
99748
63304
126960
211682
210136
53634
17163
549274
29184
59162
79289
196417
286566
53434
144899
44330
54995
84953
77074
273490
185685
36432
53505
264871
158725
76052
31398
263426
41101
21164
157699
125666
31564
49778
216457
351424
3590
53666
88373
9176
163678
17567
91470
102352
170905
171226
94515
26314
6417
4254
35049
518035
298988
21356
218699
31336
16596
65
79078
3686
58998
54725
63502
414260
2597
149657
322300
23515
104308
123541
47097
8603
143276
188649
12302
231916
79234
169201
224761
298857
121568
290377
45230
17496
106732
327054
227531
15808
129280
84219
169135
87007
18672
285230
30146
30861
601785
9633
14834
16685
54814
116115
60238
357339
15385
8409
47314
14420
119115
536229
49298
350376
102159
86036
44403
83444
61611
180345
84993
36008
29838
5443
88216
11615
117790
1564
145688
31502
36237
23925
72713
19819
33642
502510
478387
26117
113382
407481
150209
141954
109952
32945
217705
378613
148012
9929
75692
53107
85222
479557
139380
137382
30068
148701
3373
161326
34921
41695
125745
301619
227200
10573
33549
245162
177599
22947
5951
81076
16135
175300
33120
106076
165714
247233
64276
135968
18806
18892
705017
20736
207845
106852
8764
156296
83114
581165
50385
47656
111363
157919
267582
4241
41508
211351
95743
17104
7174
44186
142526
165496
15655
144978
2215
118321
118950
89488
42177
43547
65955
209889
231846
12775
138215
309096
24661
45709
141137
36247
236653
121240
19230
33700
177866
95089
66618
14566
288793
145702
39446
32920
738
28663
5741
520118
42133
106867
28920
181462
23209
184598
213908
229147
33206
1147
175972
176283
204747
42605
149766
155803
70876
241660
204042
154553
64100
18402
95581
66369
118399
70212
204858
163814
86665
14157
50113
180840
29580
7164
106786
76521
116038
123310
3047
15635
56602
62712
47415
93820
282535
19437
84541
290427
29520
8211
92519
175085
61057
24606
342339
354797
49957
129
631034
4466
4162
232218
38988
8891
85029
30109
85089
91266
6192
34098
6150
38123
41433
6982
42179
5012
128044
42713
349305
69429
3731
218998
163830
155683
7881
36936
196741
11551
136862
58530
129128
97309
123705
17027
311504
143998
146558
127942
32393
135540
157736
8728
93562
104203
1493
76431
3347
30640
143287
44465
516795
468137
218980
45070
136444
73436
25827
141481
303816
29707
82949
358344
57832
123948
6348
128112
47481
964640
18109
177587
33849
1884
50535
91033
57214
321567
57073
148983
47978
278404
76044
5489
53266
227681
52578
122777
415076
56807
84283
8795
102045
349887
115655
104274
93140
49427
90877
56259
7657
16845
53547
11743
309308
92733
151899
159533
133761
264524
97380
225315
386081
95151
159150
93465
46956
29590
37399
195085
53027
40553
23453
6948
41069
61626
2035
10710
166872
34245
162262
16338
62846
108275
121972
113948
430602
6958
169018
268865
69264
40786
44918
317449
125974
162211
16586
126937
41670
67900
165529
25298
11024
7730
422394
558076
117185
3065
190536
209425
10547
83224
24314
39148
8284
268802
9025
56836
166417
76600
5003
276993
88419
53640
10204
595
36772
108051
17183
53721
155083
70370
110761
157969
207628
129280
68085
222652
132980
113607
118750
40851
70730
423411
6428
134425
28780
115718
318293
103123
9341
13012
221088
64355
421868
136754
34498
49693
4988
32050
174744
198967
91972
114110
83217
28945
62978
13395
26934
11518
103811
107033
128647
103767
19810
329947
22578
116318
59114
80598
9264
84822
52823
227778
59802
210178
347910
105285
23416
10559
28824
125870
636965
3056
98629
111300
26104
6938
47690
116210
37934
1239
38160
153141
2214
70923
20521
4040
205574
238661
61982
213076
29428
85190
15505
264502
16921
491530
170178
61548
62738
95857
89014
45639
31394
758804
180549
11414
707
7668
36270
81435
69813
4363
74905
166079
34308
63040
28860
131934
8658
168375
2936
58893
166612
45153
34192
206741
69931
135026
187
19025
73352
31788
750
226316
197064
34317
185382
8284
265439
98937
175177
48283
191406
7121
182667
146426
188155
409252
206245
124539
77260
353315
102209
4588
56952
21534
2089
19098
6807
64499
86641
144944
204905
178535
12007
72220
154291
1074
98
271215
1921
287138
46395
220725
358831
78243
201590
410
8792
174743
28948
140091
156522
67162
68174
72540
404901
174537
149756
11979
436430
56363
156353
47104
2469
471328
17245
25927
202273
59330
44234
38500
164973
255594
16972
22809
42196
35747
53767
296740
20355
67466
242692
81355
440205
220186
125663
37241
15891
12001
110076
57667
47743
97514
1312
11964
226286
60643
71161
126664
88316
16693
25051
54807
23144
211698
101488
52249
41690
48847
595661
20630
57028
134138
306237
53961
86013
73040
81342
151873
224778
166938
8827
121999
24478
14462
77493
107109
185830
1780
55306
93634
56795
98053
26725
122106
16794
208841
232118
111294
160014
113641
111544
10844
56672
38239
105874
3250
100774
3192
4137
13190
86548
39346
23808
135973
275573
243407
4281
71646
214823
3738
32781
440558
28559
2888
105099
68451
465636
773
111675
196271
253358
368797
118445
26442
359934
244374
99034
8584
39557
71558
8907
151697
381347
4956
137737
262573
43657
80335
76578
22301
58133
9753
60038
359101
371266
101127
203358
2729
107444
53457
100484
162075
93531
7063
111895
406562
142298
21120
27618
17298
32755
1059
11947
17454
112187
18596
25466
95297
156133
234572
35837
68454
48888
689
23657
80907
57316
48160
221263
12520
104901
211855
13285
75137
28758
335257
58178
351137
935
235814
258485
46864
73727
188568
230422
201182
168230
685660
41492
121319
120300
61513
44039
156122
59177
73621
169774
26555
98595
12015
139985
1765
129042
96098
116001
392296
75522
195627
141426
17902
41708
106415
210475
73087
17884
69474
167200
27214
25228
122849
128858
654
141608
103790
129867
14125
43454
86928
6620
70552
1780
147592
138746
251181
16094
209650
62707
129688
52977
45259
175
354631
29911
256735
16514
101964
18752
74542
27745
27057
21725
1934
104271
377969
49063
65696
31
152329
95159
244684
157953
158352
91645
226016
87024
656556
57138
43247
531233
44812
106690
12298
123535
136859
23585
8476
70288
155589
53746
229375
5934
96650
78887
21330
97026
88361
54307
22011
43246
62137
80726
90435
166052
149233
81215
409545
52127
54198
125311
59578
275167
295886
88599
41616
89356
67098
163468
7515
118860
163143
137611
124183
104866
104413
57721
110162
65141
87348
70819
55393
95611
89457
34611
231676
1266
9698
34142
354394
67485
111325
67237
190567
18953
16646
41755
36358
25335
32020
91597
45220
109628
7342
53063
84375
217603
391290
23211
241173
72347
390848
32554
48737
9616
99467
67274
20472
104692
118125
219422
49648
390391
103113
108529
21062
96048
188534
64353
76573
62875
35846
9916
56441
66746
16615
135731
60678
120948
118438
33938
89867
74095
252500
91169
214303
217720
30598
266646
12083
232246
88550
168242
264
166388
30480
312745
39046
197000
172172
297455
60009
32081
23934
136376
128480
2933
96468
134842
5697
375741
12173
57488
68741
150799
15480
10934
4776
163063
191721
4375
7463
95249
41327
155188
26544
238452
273024
80439
106245
18624
249707
2328
41196
73703
208947
122253
30479
29960
19022
144833
70505
6349
110701
99316
374621
152868
119106
181846
256039
13491
241180
48977
35419
6735
420252
8901
85982
156448
123710
121398
99589
227070
467703
165882
105056
128362
64680
64231
56187
23573
250141
83206
42983
252728
67906
59699
482611
113922
175
248328
46941
45239
236388
101279
62271
112347
24958
254943
23095
134150
86446
107645
32634
39663
146505
79053
71040
56227
7032
147450
102052
20924
5517
10752
1559
6535
85522
113247
94994
96853
64534
26137
33117
20515
219877
97885
34399
36545
118883
477033
225061
127401
154036
225591
6051
86711
540
47210
34925
8495
254895
133163
36096
32186
281054
77779
10084
1117
116660
1625
157182
66610
111748
55728
255376
89736
24803
356244
4535
62705
140917
10454
77820
25673
70417
207351
127767
29369
58463
69734
52062
65731
161105
11428
30727
106886
87280
40604
108887
327382
41030
110239
39227
301826
2047
3670
355485
86328
96663
154338
24386
158091
35715
74404
51397
1513
58349
244089
48835
26605
24740
156759
436389
494640
142303
47531
38604
137066
160697
72336
107466
70043
147101
169385
70090
204737
222804
144814
203820
107054
135097
145653
94009
461639
79076
193122
227520
22842
21233
243092
299805
40280
25491
10783
36172
37733
22240
34180
32501
213327
183435
5705
23085
190627
104850
61968
119080
261137
231
354160
86808
3221
189808
213984
4776
303584
154033
41885
83201
43604
32122
117108
61593
126256
261
304021
203043
351689
45097
65720
113338
64805
75189
81763
27944
38128
100908
66917
125003
65155
28805
75593
122881
125044
109109
73453
43501
18968
312566
12599
142183
58143
18111
33189
104599
129688
213
225614
48568
377232
95018
19736
8647
33883
191650
76963
14784
38732
14926
188213
213122
85004
114337
29887
122968
109974
100984
1744
6482
11542
279384
109201
86699
46234
497463
17254
19483
98043
33216
174487
17752
421940
6331
173937
225923
42092
31564
79638
424601
21901
199422
188940
48821
76109
18741
11809
35988
111072
159954
162549
122683
111495
126507
104929
57941
9001
53346
4266
28061
44665
29178
38811
170069
72513
21134
234785
9409
34057
38512
167962
101503
10444
97244
8452
118597
81110
149725
268553
39578
246583
49420
214461
217284
10592
277700
313651
1251
146125
242789
13001
212751
57140
252038
134194
156339
6421
25705
11408
190335
49237
28034
4253
9393
84585
22490
245716
143194
339684
125977
331173
1043
122502
151316
134929
51694
20501
470482
7796
204807
331843
64840
49328
81205
70765
37338
77633
233447
34100
309242
282803
144709
85725
49617
59306
110620
28882
91769
79627
28828
340180
299394
170618
47321
432172
154064
73532
69509
20424
5277
272096
57402
102748
84627
45562
112480
178435
120538
208918
241134
84194
103187
71028
12425
51194
292281
3235
6961
222248
17894
88087
1876
51649
102899
60608
122579
19728
33867
31506
19953
40025
113455
28591
178281
134100
18721
40065
259345
97021
55988
244545
395931
10129
136138
194893
77490
53793
222861
2603
110153
172435
187597
160895
71496
38994
85341
60750
26714
88401
338649
65866
188392
81131
344386
217777
58594
13588
126346
14672
210217
126325
64727
89595
11248
88139
15956
119050
29630
5027
96879
5099
6092
41623
89724
360613
159989
30563
336955
24646
12591
232541
24351
33975
93954
392659
34376
201325
186436
42201
246401
97162
18701
1030
14445
70579
275251
62986
1511
37672
129068
4285
72980
424474
12087
60263
2066
64507
19033
29014
168001
16265
45623
2307
42542
138990
401586
139022
188444
232591
43952
121545
181854
53027
40064
224453
128040
137
23148
13665
46179
68093
64433
76319
41839
269999
24501
21821
175675
22026
113481
13997
200682
134455
90059
230465
102184
41449
10068
84142
14770
249036
69599
18868
153928
96435
144392
77459
102007
115871
148355
81697
36166
61849
26298
16960
109661
375631
182684
7062
77812
35840
78773
21769
44913
268264
105911
155905
110149
144606
16352
27973
396880
463335
69340
454094
36030
164928
28236
196717
118197
56339
34018
68404
105769
391932
36304
4081
442726
22909
189983
82609
170490
67195
87134
2283
95206
11275
29509
31142
185617
110208
72182
20855
70521
76639
43447
3349
303966
171636
106272
94948
81769
26562
136441
19416
31839
98980
187100
52807
144774
22191
176650
141660
72319
4944
42862
337350
47340
107047
198299
154359
3963
206003
3106
189478
394280
369159
87544
86969
114435
216712
141581
15284
170342
204209
53195
329222
354951
1617
120315
5985
8348
38795
97920
123152
965
211379
41790
25855
446071
37074
276963
9784
110830
113943
224951
99004
116195
241265
9886
127163
246649
92678
163159
3217
70830
124127
67548
25520
132677
62790
100680
40538
143369
135347
80512
12216
289954
98328
54769
85764
4006
6512
335711
70882
136430
18801
19765
264578
102213
8716
71616
22753
106873
4854
3407
7601
96268
19508
131635
174032
102529
112316
82352
109903
25181
9687
202036
79174
131416
525559
364502
27811
161246
15970
106452
61576
35250
190582
29276
161301
191469
183027
17330
327189
2021
258563
169598
83352
520902
245629
262
140799
146487
120675
266968
17139
135659
119572
71128
60544
195231
82723
265348
210807
2325
158876
27268
45985
298478
221973
44293
58177
15537
79378
200881
68050
210104
432923
212313
58255
416471
59325
57891
104959
258321
445295
23863
373756
10043
196155
14116
362706
303570
9042
26644
114532
81261
965
203206
64255
66691
51720
247849
95935
642872
75948
28130
5533
7874
2714
270527
10905
22500
13483
202562
71945
191650
166364
153312
72435
49408
114328
150789
107837
127854
83935
72201
378112
120889
225944
108339
49521
16255
10504
115478
83248
368316
7432
110160
73179
46385
61374
610436
176089
106410
155941
10952
26786
170993
199710
166271
87696
211378
100339
55334
74705
55843
191010
846
285673
130071
12923
133978
8371
9976
12037
65068
809821
68765
120502
4978
43284
79190
65349
201189
23316
65139
70655
122098
16983
117295
21719
61227
57145
213155
106965
52231
127663
51704
11719
454781
98706
2674
64341
1426676
18281
257804
48279
95474
239364
11492
147892
374472
32077
37148
12530
131652
77527
22960
6311
187265
98162
24554
291170
314457
209171
159698
22663
68424
82275
131532
242595
63987
71540
8838
158898
148731
111016
45931
17458
112002
33196
274293
26
90444
256445
84510
89268
428812
24099
95047
7108
69037
283115
140990
35132
122378
32877
36752
207936
42540
34932
53808
7179
54725
185669
109135
246230
64605
160911
113519
191730
31096
62905
306241
31328
320568
76309
68194
36249
234292
48453
268517
126123
30346
335851
27719
266
11871
295900
248053
197417
33004
86951
147060
120124
88148
247701
46089
490721
38540
107229
45623
222811
70273
105780
29874
13127
258482
319958
83633
31510
130505
124126
269699
11998
457058
434279
145567
43345
197068
7063
86816
70175
32254
46077
36
114777
284092
93251
518669
386482
211591
138987
38855
2200
31490
62341
274107
103161
32273
110151
41707
127800
239263
160336
137295
131611
84415
18730
279846
13681
135089
445753
254786
204108
88576
6332
92509
75119
47932
253293
25130
109067
2359
209927
101450
50048
60641
72139
297837
530869
12328
454527
12489
109696
16235
45244
126655
32613
90310
3157
89811
39257
164747
21966
34719
122645
120929
70851
92913
26600
16153
14992
94824
22531
8767
3961
54857
63143
12038
151132
8930
284857
107434
123494
306930
29385
107044
676714
58559
300625
142517
238509
141050
243174
72149
172511
282036
396089
32768
61625
119873
52919
45013
154234
95058
56605
12878
3966
42282
91523
68657
51881
44856
25220
80883
200082
511
105661
90523
179990
62649
102305
214251
57672
812459
100335
18105
30789
143649
175867
117378
304530
19718
46966
5215
80050
181443
95072
113918
83416
41436
1660
40570
176585
22610
73946
146887
265359
160188
70173
24370
55130
30235
159321
459421
60536
14384
237473
124787
92055
50753
31807
243072
49801
55415
149198
31034
59339
57064
236760
59405
221668
91094
234136
5400
170013
202054
4278
24990
27779
187455
27740
25290
63492
186615
38233
44446
3752
62797
218545
14407
166050
77343
174323
17970
36622
8250
117206
97456
262572
5407
105572
489042
86814
139161
75410
76865
184866
270739
256057
55930
509064
231939
20382
32091
148362
138262
60308
118731
9652
11773
40515
86051
6124
100787
2320
62801
10273
22331
4807
109179
174750
54503
76315
290341
265194
12793
73334
86206
32117
245291
126364
65077
136018
35824
41174
249090
25688
240926
27626
136235
71438
212612
4759
195403
79175
28604
109845
80849
100649
19847
53516
476
109852
65278
113433
56352
51489
72263
229185
71757
106637
13010
178797
13372
1891
61294
251408
130136
73675
14633
104598
104578
121251
57304
26398
175247
172187
21564
147892
119991
8110
14430
48937
242033
57968
30201
40987
153661
1167
233622
87586
123886
187367
193659
1096
318189
4021
161209
414841
54612
195703
71545
25233
46280
136133
547011
109855
184764
23233
113797
116097
12932
10744
193828
19343
129459
10912
73578
113143
77919
80070
731
46153
21179
1131
189164
26219
30601
42669
258078
157660
177413
264068
83296
88539
134252
218177
262626
10633
23332
37786
118144
54994
284923
125827
271778
372316
116503
72060
420394
75780
114225
38689
74305
45513
122770
302970
14058
7572
372048
3322
143285
207446
111087
3024
19598
16863
16866
374555
126593
31839
257798
28038
36329
143667
223992
67916
71050
223401
39254
377527
194351
94024
32108
360124
34645
6233
47174
5156
12173
14658
34296
41611
35070
17803
22346
311870
102040
60096
28021
55188
4800
117072
93917
111442
1446
96404
139800
1634
131215
6275
132320
25781
161867
171216
159223
119550
58853
51539
4009
6832
274471
68575
412175
23839
269837
57555
119025
168869
40951
365879
63568
309018
72252
101551
16118
3456
69235
27181
34247
24601
455274
130206
92224
85997
53506
112995
62438
217667
92804
151485
207560
47563
48349
8200
2167
239166
412425
292910
206858
171650
83110
2807
7701
62876
33193
9995
166121
196792
60418
285449
37774
57121
51965
113744
51781
198909
144103
180025
104520
62140
406716
266810
43527
120924
299153
125041
81176
3031
1905
68253
12172
117569
56228
494935
69506
81371
3331
225841
355232
269918
14228
26419
156736
51611
665
17078
473825
53647
5836
17891
800494
720
106778
499562
69757
37854
12566
70871
270627
161453
91350
30090
43599
91366
75471
36544
13959
72165
52353
95631
85564
20021
27833
74142
61926
123841
42960
20790
113126
33588
65491
22397
142446
154868
143332
109670
45092
10583
93661
124416
1335
211828
114773
156726
31284
225439
88740
81805
407783
171850
220498
36623
393
210424
172730
107225
98
202491
7182
112082
8073
66944
14507
9860
36169
30953
40601
27525
27801
109900
225777
26853
300222
451971
54104
174197
29896
19585
8112
0
5007
159008
116968
29801
3782
8133
379429
19690
22197
4473
165785
97826
12758
127854
50479
265462
31442
203011
197053
74504
110145
234638
5523
117979
46103
296268
46481
113488
56507
10883
81941
93369
127007
299131
316553
432780
131509
22372
142863
108712
352756
117668
55099
47017
191293
58729
101608
125948
24978
62364
182087
21052
402389
71563
778854
38195
445214
87438
171742
54268
151829
49370
253836
46136
21971
91492
161355
293891
75210
443
374660
23492
133571
25027
68232
12982
36809
71867
102496
92742
22650
165050
209483
37132
45626
11771
113351
199333
113062
61930
237776
268110
118650
52400
128653
186018
84123
244538
36167
142608
110029
227590
117731
267874
227415
31218
53124
153679
60938
41477
27359
34762
60291
24093
209041
471393
117561
122867
45549
19084
13340
15844
57477
271420
139552
881
48232
641
6301
6617
138371
5582
285777
218188
80443
134343
29695
135470
14114
58187
194036
24688
2198
152985
383968
131326
114077
162790
36597
84829
15048
87103
128158
175372
337718
9395
14469
10490
620
126715
29274
142234
5782
108416
16639
49463
256661
8057
44756
8442
152816
133289
52930
265043
167840
257864
133126
38085
279527
31077
75739
349138
41279
16040
191144
46605
5748
46944
126665
44063
47991
26040
192952
49548
225831
47000
136391
49782
467396
88191
151791
5814
14519
836
167004
92397
45975
132016
182432
203233
23399
223
278406
450673
2471
7265
464887
11106
353145
31085
8939
119639
79956
2249
88364
16018
301220
73343
158030
550894
151508
8673
12535
260747
211347
295370
11419
921
39229
38078
16409
166376
439688
57069
21078
149217
57686
61913
218082
36173
118081
375943
24879
20426
52242
222505
219317
52620
1045228
135036
38188
4378
342518
127503
102137
110002
8040
76719
7945
69501
268821
8069
35595
17444
92551
193321
111524
259617
22926
416734
90482
131176
416502
214137
135350
23368
9805
17047
74448
45442
219
85986
222319
215432
69673
69708
27110
62823
65389
125251
37235
160643
276105
264626
61850
148366
264191
82728
235334
240207
77921
92777
48061
21610
80265
24466
120999
53883
7419
118479
139103
74700
33233
66681
121737
133206
204270
212786
88356
167203
147445
57112
107847
106
29567
19149
357632
342084
96867
30347
33226
412013
365285
1537
234040
217919
160658
11769
97761
79220
44446
112913
102427
52421
6934
287341
6998
36775
60809
19102
464450
306
104588
2897
64754
68666
19176
59366
72133
8864
31506
163707
56398
7611
172544
102613
175600
35671
44681
26161
40726
175241
20749
89488
27551
160253
137571
183852
47338
146402
250200
8034
25816
27147
29669
167929
152417
7481
40265
43982
32667
67804
170194
122840
29743
86345
184141
76916
9153
440397
13574
95873
9453
57455
8207
260682
22933
68690
113295
251470
124019
66535
75156
68272
117100
82316
7159
41392
14247
26054
46726
53384
9541
122171
1665
35621
53214
25204
6186
154322
151016
275862
16116
137794
196630
53324
64375
236155
53434
49066
354664
202013
258789
46026
207
54756
4283
24642
65720
61594
16849
243460
229874
78806
235170
28090
110292
36889
86406
15935
233233
171257
337407
127642
21756
8544
641885
79832
145255
251354
103090
103492
42670
127249
116829
266062
131967
186526
4005
174589
71037
277413
63167
41015
172593
156179
52361
468
17790
24774
6192
69390
96629
7468
140810
128554
208460
173308
60344
81849
263363
34622
124003
16460
39669
13361
25776
81019
146018
21346
28299
247994
57935
69756
66306
369831
114351
17653
505581
28705
197496
238324
496811
274810
274088
201670
67701
335965
79161
4519
115955
58364
47207
100858
9016
64517
157813
68361
122963
21952
191333
338697
36543
87419
256240
144693
794618
112991
64573
66973
8708
69496
7110
168753
69728
48147
214038
52967
37875
23397
38975
57542
110237
92569
153140
13342
3050
89547
38390
157191
107545
120726
40515
220466
26973
1817
243774
211954
9583
453130
62052
220315
232555
45178
106015
24567
180446
79139
9394
111855
22545
28200
319509
95466
43929
80553
344412
366662
20666
235949
272516
110855
8842
67694
1302
16349
80416
357432
116291
147300
89186
82928
64961
262595
24335
115198
193365
8399
15467
30589
310914
203862
54053
9790
456497
14585
12366
46087
156295
117247
101910
92064
35108
44895
54693
3263
260174
129604
172241
110248
103393
78868
4953
15395
302186
23502
4214
279382
2773
242642
262221
16327
81470
248185
34103
89
102232
38968
13317
25155
42629
23883
4389
145029
98711
90408
37149
99028
159187
128647
83245
1423
202046
116141
44428
150857
78200
16229
385378
6307
199617
57950
20418
99862
130564
206964
98302
3713
58163
6249
22502
67480
10122
170786
20694
194595
258319
86003
482264
232340
36322
75106
12754
11512
351907
58147
2412
172311
22238
164273
155181
4073
46534
18734
20502
310779
54724
24328
125106
9294
64853
246501
2872
209054
138899
141670
109932
19517
169203
16515
208666
96820
159824
354483
407010
10705
98603
2439
4175
5341
238333
372667
10995
36204
72664
18011
6663
19181
31597
9914
172192
19746
43943
195338
159654
158241
17338
65708
37934
60685
15572
14255
88404
141607
157349
71725
60077
53926
75440
55102
69212
21462
79695
56592
88738
14689
75420
288786
137671
47753
502514
175258
132231
229672
73780
31925
46796
95969
29422
5366
2379
100231
19587
15349
56483
396450
264876
40501
331260
43323
79226
199541
32895
71999
58265
251603
18361
129864
73539
18639
7878
121319
1131
76484
46573
6712
30873
141824
110297
42861
72853
145746
133263
182978
125701
60645
61372
73051
8079
141743
35041
24423
244792
93920
133760
301998
336605
42256
153543
66295
50355
22338
2159
339085
151258
219674
193937
274602
11022
964
20453
177
342860
164950
208710
20806
4588
214794
36603
138588
201552
8246
271181
24269
141721
66023
127260
2817
74721
8399
55806
73793
45013
136813
12883
228331
12669
54478
42639
52775
102934
44322
33393
399098
50232
25433
27127
116882
34144
346525
344788
83341
60734
243114
342260
172780
180069
146094
3461
95803
45864
218039
29677
271153
36399
67436
51124
407103
24282
275631
190390
184871
7377
23380
10632
245021
34719
45747
22436
131866
248138
124552
172249
80629
144808
21269
93431
156255
109976
367197
433758
74383
453291
42169
40923
24923
29704
47115
44123
119849
81354
104269
25194
38217
51770
95367
18618
24554
34373
23059
9388
8754
22525
63541
377568
10690
3774
98978
77281
66047
15864
260218
54418
70314
39862
51053
302674
97559
359079
218784
76866
30058
12757
1155
8696
187452
41717
43505
53976
77774
166654
298414
28048
26477
121728
63100
7528
231585
60272
165818
226632
99362
110037
37764
138756
50188
35402
145637
156585
173128
168267
9138
31233
89375
64030
12196
92969
51
96896
217027
10160
35439
281582
69079
112798
35288
18946
88056
121973
54778
371430
22095
38870
52811
21365
147195
56503
229391
79031
29144
216488
128151
149208
37385
89175
12408
79680
53823
49317
32414
66636
89831
213789
525519
11581
799168
84179
184096
20777
186772
11874
5704
26118
29797
206545
219199
108702
46458
191317
58578
542886
13648
201380
92895
271522
62653
90805
231568
161345
3150
42320
54537
197463
21617
26163
392681
11597
72394
232028
282678
37362
39678
91249
59823
344921
42631
6788
5297
100165
130697
165443
105084
108904
19
188008
310549
11315
15616
29782
88153
10647
2289
1657
6060
236131
132860
218491
2484
302163
41137
26629
77100
101260
64201
78442
59973
244477
9512
203882
85943
141172
183447
310198
450994
458188
118524
52814
122296
159195
180729
12031
82983
53921
83217
56760
102714
10264
119179
166319
440626
112794
24577
75704
36992
33880
6238
354178
185593
19063
195206
390792
486242
121987
59600
207741
148523
138908
22629
390778
23095
250891
38821
130619
2640
69094
8191
80580
50666
135951
16076
56211
45457
93373
24313
264104
240986
84161
180833
189511
291608
206735
89708
50624
131612
48454
111998
208125
66022
122405
3249
121972
99176
43450
2693
168553
125106
111668
32505
311926
71791
947
149710
210084
316560
983544
131807
71709
224670
38506
449755
108471
90683
234821
161189
30186
59795
104940
11710
16414
148961
49906
18329
101279
178579
350073
162924
226695
41024
212508
567234
56783
36234
180587
235936
128275
87095
6749
695
236138
239899
225880
305417
49804
73362
37069
59052
41431
560
364376
34983
52171
9546
203373
3198
101454
145016
171843
43761
106687
121269
49403
212185
30670
3362
26762
25218
8416
114787
36077
88541
38487
9201
35086
53545
31969
287019
36875
18176
17865
3842
38477
237040
149311
144626
227974
388117
47732
154433
669646
38882
60443
324940
3148
690762
18017
83305
19531
116573
1666
29217
31290
51108
164408
277053
263642
157004
152579
72743
178701
73169
95014
26904
374124
98294
229875
45315
263557
60926
24632
45749
104007
104533
71415
123678
439076
181369
254755
98567
35616
71900
303173
10553
96911
119045
50326
100918
98502
74926
12809
7513
187299
49061
88294
199179
28696
140759
327096
63822
44114
17043
27496
177088
5091
124066
92823
245833
147764
212379
34445
66501
10259
194913
42997
56893
207192
618005
75619
85148
106804
211975
175287
102123
30562
701
17539
137302
16388
69004
34455
730612
8134
242918
289695
168673
25958
23243
6039
20269
11629
84607
60030
148780
232150
28101
127799
26685
2274
157827
68993
22399
65228
94914
15306
1552
39085
58686
484634
158233
41801
200897
38519
169175
3336
592516
516323
58429
190420
51563
65670
152748
22701
263813
6477
141553
87154
71155
89342
120117
81103
111783
444729
276814
81032
62179
189197
284176
376259
43173
46798
123555
113973
388557
86425
128383
22905
1073
47714
366897
118554
160255
18245
215925
62511
161531
151482
3694
83723
110081
58075
59253
9815
52298
71073
242183
6783
49391
242329
25210
258689
16500
30692
1871
148175
46251
191919
36064
51880
61568
204984
5442
972
65314
96139
121911
74861
98904
161904
218155
73439
127103
52537
131289
659
222554
53899
166710
144249
9924
61348
108914
106716
2215
77616
28522
294359
186952
291472
88181
93810
136148
4245
143384
72346
159694
107182
65196
174092
143386
138466
118259
34329
34365
68002
27995
17490
4467
265335
27478
75083
168682
413676
32490
71773
139936
70414
25270
233966
185272
144011
16098
53307
135153
139809
260722
59044
109052
371919
154859
162530
5079
198751
864
234788
29724
235333
206221
127504
173025
416427
54591
29895
71558
90963
61738
108887
25108
104141
1539
112615
71240
111540
140814
147312
36162
52223
55216
7242
97123
55706
47056
26155
74972
10322
21703
451794
88448
5704
28085
38747
352109
109497
105437
309711
38837
175382
30094
42894
368602
75477
49958
225983
233075
44077
263235
105412
28510
24429
9395
312254
75296
31597
49390
17114
87215
77873
2034
154217
59219
276427
7008
18038
5303
53952
3190
165087
19782
52539
151019
68255
42418
65394
48546
74474
65459
116175
64170
25764
60597
243906
59932
41972
137836
59158
178780
213923
158059
154555
14785
214204
135983
68182
299
131078
65955
328417
148371
78000
318704
33591
70619
45580
164498
55702
13940
55269
55901
350862
16486
55258
46372
75084
93147
21764
36735
263531
64041
216362
282
176421
334426
146977
35688
415679
266070
48864
180478
9632
1576
21050
56791
46654
8034
77358
119791
102887
70174
3730
34136
109468
2680
76522
18190
240587
136247
90
82244
101390
461459
138385
90870
11262
26854
24337
316239
4146
2191
122
142530
48409
154009
55309
83252
24366
102178
6703
193241
77412
28078
591530
25452
155816
20520
29154
44630
76884
195545
12828
477
146861
8692
167447
12309
53100
24248
165101
199890
11045
240435
211935
40962
20850
56605
19912
200733
29894
128318
210596
140261
66852
209162
3709
3874
186109
60609
166336
7946
165373
44255
168227
196098
77535
163807
84077
211
51891
24427
66123
60349
84865
456980
146576
313717
2099
100295
267677
149167
171266
270720
120415
251871
53373
35880
108790
433032
76617
1274
4985
17908
522552
2797
41423
78539
115378
105870
232590
24750
15789
176234
77530
27453
273578
48782
900
23832
305700
11681
99888
120163
210545
136125
60409
212057
107756
19465
103726
32829
460539
150537
13695
196451
48373
352299
187011
185152
6714
234169
141306
14737
78128
14958
84633
45219
90226
3395
12737
6961
256010
44192
47685
23300
103030
139234
194235
46069
192648
189430
58009
103256
147631
46820
163983
205737
170879
96375
33318
104162
57394
23742
24221
263838
145858
3252
8387
174626
148697
25458
73354
72757
30025
44354
192091
90519
173290
318876
393363
190416
73578
208810
271959
8858
37014
14304
4851
93323
37144
63194
157059
363422
179455
76414
405601
21557
11000
128311
211627
132688
24367
315480
97198
111492
41
18649
123637
117897
137443
17319
348055
26475
391602
325412
99778
18195
95677
71868
115101
82916
8062
104041
8631
58539
4932
39901
145898
87304
76926
20851
26035
64813
219128
7252
216771
70047
187967
3842
107703
13695
168893
259698
216619
61882
26206
66836
408330
102073
132069
73070
112279
328071
27300
155417
242697
72679
5797
12718
8818
257431
86108
34290
34558
187186
168353
77661
452716
108073
28586
37113
242855
45544
41121
117386
210307
36907
193334
236625
304462
368232
305847
81396
3555
378621
68946
203298
73999
181114
83849
136933
4505
303836
90040
97
20561
3521
10864
41998
26571
45226
25733
63794
6792
12404
137064
10703
43178
185322
33569
46965
44417
83902
24649
143838
137664
178188
206583
29834
10142
325289
651716
52756
13885
178317
128356
28656
160524
161897
48497
59548
44929
280944
98750
239997
106425
25039
199928
497603
117707
15185
6189
77378
134209
34502
95170
59297
308136
1681
312797
65970
149176
121634
26971
11625
78076
37466
21722
213172
630045
3030
122461
160552
48611
404116
151819
21363
215837
35356
10202
50954
19650
122023
234431
65043
6268
167158
305967
67142
50013
786
1184
28998
11770
450
124829
13953
76305
26404
74479
90948
50619
21504
31183
74463
57985
51020
83247
246259
408489
22639
41188
56212
346938
107672
131840
57249
242772
454012
43470
118650
35770
76077
76098
287631
33924
145188
156028
7236
46373
34023
1423
345323
248160
144478
103829
31694
7315
243663
258760
50438
73325
89166
106177
275518
137436
203131
274073
89
25303
38077
48189
147507
159014
46235
106968
162004
71805
170747
198132
7291
147992
61143
149227
127364
84053
149392
20405
9692
32881
199079
89009
34882
64785
131120
41375
12676
23723
34761
57599
138970
98788
59415
21472
43260
102648
16847
62970
42907
170560
97701
28722
14823
61941
131688
493
393436
14514
108531
671
111379
13285
358393
11218
56915
90296
5689
154738
2613
280897
374615
82653
118162
251886
6472
374406
252840
68570
46331
72573
2408
319497
157046
101007
11711
261385
211981
498997
56198
147325
172624
1601
216330
21677
388351
34084
15208
57448
86772
139199
90194
80918
290246
226834
43112
6956
14212
271948
2071
41785
221490
12800
204764
195099
20415
188003
8610
95397
1775
36796
74589
91223
64449
34713
325701
443198
181654
61656
24738
447056
40368
50163
40757
308255
27133
95140
116022
263783
7835
47448
13459
12442
104443
371400
83890
10300
411664
145840
37542
30822
17778
61462
20394
15594
10549
118286
27266
43518
69577
82647
240353
91939
24181
72578
76086
70327
348143
50375
59
261905
220210
66761
29493
134003
117072
80876
46144
56277
58889
136727
224805
8775
93386
50070
197150
15639
282477
81966
340483
240798
1309
87299
43092
232452
2304
36490
52954
63728
14051
479953
85014
82566
39849
75078
8797
14055
49511
35158
116099
83851
46762
125431
1188
316766
65042
184404
120494
373563
47923
291227
172064
67773
255683
25500
5558
82221
325766
23386
487809
121931
316449
21557
36240
450337
78694
76848
141367
76039
209692
166274
13969
19663
43949
124211
25767
101433
106821
37160
204463
90413
66886
17364
6000
62762
19771
50523
285834
46467
225414
50495
14677
187092
12246
47605
244877
20246
4840
348990
64366
115794
140900
371305
10627
17507
10470
141670
115457
73911
238075
53129
82821
43092
78097
162572
174056
617693
160218
33318
65593
18894
110614
174101
55664
114270
41774
26840
1886
4176
282167
98351
311162
353331
81825
194428
83133
114482
25400
144468
153439
171041
91115
45288
217720
65413
112806
362400
264780
1041793
54716
305424
15831
21372
16524
58097
68438
161621
22251
5952
82833
31362
22436
45575
2369
78789
355247
58468
49440
26901
147967
1799
124006
252034
49736
134002
41117
381006
140413
73260
4429
163707
21950
111778
47764
26428
74043
106126
196270
148779
402322
70421
20553
79902
120478
114454
45302
231302
393681
1722
116116
177550
207395
139520
196352
6171
189395
50622
272465
67277
47583
135590
298532
286826
626223
281829
166691
27427
198099
28480
214947
185710
54759
92327
15801
31668
2557
39350
8796
71799
6691
152937
223536
72065
138796
132291
50118
57801
34571
3478
60920
9372
67134
141223
206046
35797
44327
202683
289395
101082
78679
34632
130209
13477
75040
112766
28032
50782
26660
171348
95842
35373
57270
223450
175115
162598
80410
29278
8522
100096
40437
71051
229679
28283
201443
22492
13765
313196
37450
116981
97961
170703
84845
30262
377578
74405
148650
114005
760
6971
126565
2666
34306
88275
159498
158521
29524
6951
42210
211490
61687
62982
22488
10669
38113
364601
572985
189878
157982
71095
68439
471092
96314
108948
9103
242579
75121
62425
4253
4399
34698
227249
106952
230433
54771
20131
129242
106950
15323
85604
30068
35641
18905
79595
28185
2296
1652
140495
4023
114992
187047
93867
84110
118179
182713
39443
67282
25963
76963
307647
2727
255804
91395
95421
88748
90502
23763
85874
7979
18205
30124
21884
5810
43863
73632
139998
62689
84559
114628
50078
40833
107655
308235
90908
7260
128580
10327
199642
62865
32835
24269
20992
38021
43593
92375
5370
70910
854342
553269
7156
280186
132255
11797
47067
31994
4304
68516
74372
1690
17084
168850
8652
37623
85996
21104
20191
4268
5548
210706
66844
60750
138142
26472
156898
150705
26154
50701
34441
31108
123173
148796
22225
140971
66807
11019
11066
112562
56465
158973
148528
349413
141598
165102
5813
383101
74490
55866
21853
31003
50207
792
1332
38937
257977
45435
416
394142
301494
28168
197197
272454
1348
43268
53927
261430
50020
76763
15006
32030
1509
6861
3231
68637
65227
90105
445880
6844
58332
8213
133797
93014
118991
59074
195168
187443
409745
11737
1172
28213
3806
46944
19708
104136
231683
555381
41139
3447
121667
495463
29356
2150
16753
39896
63006
124824
64282
70393
42173
48722
61479
236069
132156
83294
5641
140483
29959
58375
100570
20518
19021
246592
38121
76960
170778
125706
41452
203204
66995
174740
120941
164594
477865
8294
35850
329639
30560
19033
4699
41825
48280
395551
31226
313
3775
95428
19680
61444
349899
9469
52611
73243
47105
241534
260268
225458
439830
124764
3438
31521
90454
130898
436487
217389
194200
93152
14310
425178
473029
74773
56700
54384
32648
200079
234018
42786
745
56696
605289
268839
38966
407602
49293
1120
13702
112984
298726
69593
213366
3370
317988
120937
122822
209934
738378
258215
184643
27611
297788
415738
189476
74966
25590
66756
25556
68549
479530
4706
1870
172790
17740
3320
54761
29396
108433
33173
26208
256147
25516
14018
285674
136270
313726
75434
66632
44841
181130
55459
259608
23679
41430
183551
203041
133953
75630
728
134511
21982
232867
426375
62528
186206
106057
110512
58735
64057
141976
3847
3988
15791
78770
91472
226614
7018
69951
98979
67207
9548
131702
213808
25257
25107
57529
30412
139171
183572
130984
25574
95613
58253
60635
212869
407388
119614
10808
281256
115127
182071
4901
96788
208141
135759
270634
341423
214240
165405
317283
63418
58141
210447
243178
159396
116215
248625
91240
75294
77320
269312
64061
51636
30308
89965
172632
48128
242264
171661
222569
117956
97481
50200
32404
92354
7758
480517
53940
230725
3925
113844
163645
129366
116312
68631
138752
162123
324149
12999
65040
29855
101756
292353
23954
56736
23659
18585
148093
296145
18995
155694
28837
26359
157638
83252
99982
111694
625079
183921
16041
154854
99651
193599
272237
11923
145973
19469
46830
6178
132289
267738
295556
52507
118498
617312
22611
83700
190478
145887
351
42865
283800
79440
392271
213469
143913
225941
1280
60244
307
79559
126886
199344
72111
126411
31636
114120
142574
45865
8299
127433
58279
310465
7552
22470
39148
73591
62150
34919
94358
82338
1111
161024
50180
24409
7620
68395
140148
131425
274258
30269
175727
139302
117574
163453
22641
461882
614527
24443
53781
43278
70413
418983
68935
97598
153070
342532
127007
116328
4648
75103
66827
27904
207494
179971
463
113208
581183
1320
28329
16925
474045
65976
53083
92744
197265
20463
22563
43814
52141
90660
160574
64394
940
297102
162124
98336
30938
16171
35374
91891
95524
41058
15503
82442
67127
193599
11532
192254
75378
114187
74008
58581
149275
17857
39907
143417
65271
8709
55006
85640
17911
180419
28543
316141
8930
25242
32326
4701
591184
224200
250002
299058
10857
76462
179306
89723
197
141717
25197
295658
182922
11628
25894
34066
268743
141008
25591
176515
52900
44606
106712
72213
74785
160605
154522
12471
68323
20007
232598
30466
217780
57436
342618
104886
40367
51342
117851
43951
46948
81639
91111
4306
420950
40064
245419
74046
14525
107263
160300
394893
183847
123713
41822
155315
11502
108050
98802
6813
16144
105107
13718
161104
18770
187631
1965
86535
14269
28387
95396
