3782348
3964500
287716
368981
2641672
2148333
201183
1189039
1829863
1826132
3104570
713984
237956
2835490
755555
3392138
12010
8379436
1186737
485897
842474
1095884
565300
986684
3086866
6535988
3110133
5785650
1100135
1275436
6087885
217466
2302710
373105
397773
770396
10489968
2897320
607119
51313
1672711
1225160
1396845
508674
14810
3163107
90883
7816247
197555
368775
691147
1377965
225400
4531823
287611
307315
3171312
2424050
685972
839506
3976661
1677902
2913327
1381750
2714213
850153
6912177
859532
833669
5424377
426527
574017
1556469
1857704
1568650
2464000
578512
1284488
5675089
1766570
918182
207288
103019
136084
3768145
6092189
794155
214431
56403
1461022
3096079
1663057
3233314
2044475
6783410
814649
2117389
1562736
2789801
2741705
8565070
9717876
352722
2273369
4220667
434889
840599
186808
1269367
685019
6790612
772190
6351462
1181773
1569847
869524
1029445
379071
6025291
599205
3043482
3155134
2577877
476606
940037
318746
3460631
1645463
1179135
8354572
989125
285293
446201
1008593
3581771
19797
125811
1554356
8807018
1207025
270020
3681651
528047
3988718
1861324
1768153
3301636
270751
2861549
307263
2351807
3470417
3118026
481365
1078387
513650
3978463
1461543
461556
5225758
170057
3168555
1570624
1643361
1715698
484488
213964
1321514
10240512
1878244
2702553
40529
10635487
570366
3953262
462614
2030214
14714340
2013102
6519914
77538
491763
3525707
1302455
1970957
2563390
925678
3289455
364099
11946057
367601
7384047
4147284
352688
54511
1180251
258603
2255574
5960606
1443238
1598187
4254075
24117
3501962
910676
22388
541848
60321
12275
3882184
4662347
2352850
1728609
1944591
1975766
1090417
5265870
955107
408627
145802
10091
4837760
38912
107715
2673548
1063498
819485
1282477
5270537
289478
150501
4313996
3129706
3277904
7551336
136095
68854
378309
75404
887014
281775
1912680
424553
589406
626042
4172628
2506522
3262638
501401
929142
1357764
2273760
7751671
2415086
5898
2233489
4023512
2798404
1042025
4495470
4270297
4733180
1021146
84064
2604455
1324205
7932562
2238850
1564675
1423742
2587638
814380
3660249
271474
1143168
480169
606180
150474
4302599
3984780
4660039
5885680
834048
550161
1099878
330119
4485466
2041741
2108342
2325920
814877
3565183
242756
1236621
1244870
592924
528868
873320
3262691
1650760
162629
2914494
4856406
186738
2507521
3766705
2569507
1757572
1676016
4656295
5295984
1479977
1724215
1546976
501378
1405621
4287507
2478767
1754290
500399
1503262
1528433
2101926
3976197
3208792
7501717
1701350
39354
2492486
22760
1992600
2284929
10321663
4308733
5106227
2203449
934438
398916
2241398
2719032
1705713
1872982
1507578
1036317
5388302
3251442
6929483
3416405
1393980
3947134
2131949
867812
3297526
4399739
1000977
7104440
331799
1758748
913758
807479
866434
8419585
2794951
2491757
2769043
815969
4437634
345878
11571918
1420764
1117670
532579
280537
2052003
1121198
4321556
10618842
1726025
1644400
2166921
568724
3637528
986169
3986315
211547
6852169
24449
2580187
4027103
1095827
2415335
2080820
1866873
6151615
3650903
4053029
13234219
2786555
2018155
258861
245457
1486577
1361443
2393013
2608125
279241
991274
2849775
388106
363454
1792454
2519868
3085502
2238239
2350819
787562
815737
3208569
394359
994735
3064708
850530
3282584
2247454
3651320
2626128
161753
1358582
2917473
8424393
5298448
220881
1027613
1389237
1599908
963062
625883
1029989
545691
335316
3633273
383712
1451170
527075
188828
2155844
579683
1510828
138661
2315142
2025195
3194964
82992
2432665
298475
628150
1661315
150116
4039966
53650
4100288
3949095
923441
1191320
2609886
1186832
1779381
1239966
916532
1230554
11316176
2548897
392603
4136762
445989
675719
2943950
278056
2558955
1493507
160605
511500
2984521
283891
220036
2424881
194476
10516
7819737
907268
9711177
2016282
6698000
4507448
2559643
238047
1585514
3941222
178901
986248
4585360
2750529
736782
1388859
2039553
60096
1582774
4795524
324055
1199293
493900
1642798
1438797
146115
897501
2496897
1325623
1455648
1764090
729195
256260
526003
1550985
619881
1799083
1368711
1750926
1557148
1640714
1427113
65908
3505901
2824623
3545270
1154572
6102035
3121478
6700421
1940138
1840905
6603379
131340
2982609
6933739
107403
1542483
7455864
5759995
654721
1819744
572617
520931
95857
1201859
5627061
18205290
52698
2478765
777359
2694762
1074819
2739215
4993481
205867
474874
3705018
4409966
3796043
472039
3991564
2902766
5458339
696210
9120724
273506
3898725
1726912
429503
540585
2492960
5882705
3637945
267054
4534059
4555187
1868529
3688052
1231369
1549316
219104
2234839
4104954
12696976
6340953
3870208
1644273
1452184
2513484
1662174
424158
461105
640634
2857067
2810627
931700
170561
311721
1066844
212212
410844
3875358
2322254
10176040
1921000
535161
1033722
3282910
1142872
4521156
759379
2664283
740677
7343302
183735
179556
3101189
3654884
1841802
1592739
6424693
1528628
4073960
1358236
2247612
460701
7622582
1230982
242832
26067
202174
3505108
3206942
6142118
2116102
4529387
2683938
4737990
1988412
471993
1943237
5595580
1882763
90283
1260207
431
3583714
1777488
734996
2938464
135404
7700958
5701931
807776
104579
378216
5254934
8221156
56859
554372
630230
1002401
128229
390856
5717163
3418193
3437518
910941
6840332
822120
1478003
1746945
3968433
509892
532114
1274879
320511
4250009
1069836
2974235
332409
180586
2841507
1083390
2791295
6757793
2900681
214755
4159710
3522218
3001710
2438223
1489745
1177462
922507
2316963
10615643
4411707
3939064
2779231
184962
5074968
769579
2447215
4481045
2646392
395328
2564139
1357066
9705850
5003190
1834473
814952
2793104
1113903
726338
592711
12571
5359372
820379
1289415
11710249
1575147
1459118
6735566
3523170
2698373
330391
2034826
622688
7156148
2031368
2474880
3149993
2951314
1503289
99140
7149438
5789982
1146516
7328789
1952545
598735
3686259
5917591
5482110
296365
516193
302966
38300
623605
682199
750034
3841207
2494636
2152668
419897
6396
9140659
8841824
25529
1621383
2755679
489845
383692
502973
3679738
2081911
1311382
366168
472008
5454215
8187359
1614538
446800
2725942
216776
649459
610796
1041096
3301864
1719927
3429449
9588970
2365013
1078700
2386877
2760223
328828
4125575
2040868
1987876
5304218
2511433
2772752
591562
1963427
3328843
2261577
3693574
833837
965716
831972
5072303
737173
4983178
126831
1118531
4866949
1905822
2089398
175986
466086
5953885
1722166
6243874
7943
253163
2252934
793529
2202600
616617
1621096
2657835
1890976
1538013
2883503
760243
845076
2231841
4905813
2951745
267756
5068712
236660
2736910
2771557
2200751
10659852
607732
3379450
337808
5231995
726750
3429888
1896307
651772
4994652
7140778
2864315
3501041
4865155
2453740
1907789
1715534
3696367
3625838
4418758
4207142
1895063
1979965
2615068
1641477
1323549
5194633
2820215
220866
879806
3582305
606015
2441823
898665
1138754
20407054
126522
932104
2580900
621719
1183335
6988752
2109691
1369793
1647257
2288652
3248888
2405974
271839
1935580
125192
798160
2131750
3687402
198922
33604
9077437
570969
353098
2100642
2255906
500157
99397
4988640
2023589
286147
1022852
273840
91487
816817
6136889
1103501
581535
2484477
870824
123254
2091988
1581139
1077882
597207
3116833
1353281
344569
6677653
3605412
661016
214701
168375
354581
13164182
1662809
616120
1948799
5666945
818598
3395570
899358
5534296
947809
2530348
908708
362044
1439339
2010104
5741448
3024517
2454433
46812
3460475
2236542
141045
1975869
831716
269615
6508900
1982390
1024744
2203203
4077842
1410753
5408462
128295
1872764
1319441
890096
2763324
2562922
13900
508008
18885169
1537672
243172
330625
6664325
1428653
4581104
2081251
2572407
1666883
234983
5096148
247536
189760
1248318
598641
2749691
629181
1564218
1778817
2043832
10734
3471990
1073202
245995
2316284
352064
362259
1812716
5139907
8868758
1468661
1337936
992718
600522
986808
5494490
391077
309616
1593968
246601
1973591
79908
1880291
1586118
2768210
22322
996498
1633569
2211703
2714530
1838178
3060334
2888294
2541184
711699
3348682
1974161
534895
757766
9415931
4210266
844801
830450
6036222
6228775
1443798
4142379
707300
179793
4106147
3793632
662154
5848
2848639
816977
1189338
3325065
677958
1957139
2465072
1215739
1206865
45678
1682605
2516978
1116654
621058
412778
900626
1753325
615074
2105217
5929747
1295557
5331818
1359473
1652246
989258
406666
4576809
879374
752622
2176519
1289256
2088024
5821545
78154
1757864
1152016
38961
517780
363609
4229256
492264
4708967
118324
39041
257669
4669046
3070832
1230375
5638641
3220515
4202217
2634710
2414372
43312
1988098
2184415
723166
3158612
4128754
80180
498708
278349
5932546
430431
481880
275570
379455
610996
847398
2920810
284766
648441
1040428
981229
1947874
1081560
4770322
8463105
285208
2711473
4584983
78421
1101701
6688
272889
530798
2407742
8603953
2856502
413287
1167853
2520443
733132
5882591
2501362
1234453
892350
10235536
2168998
422150
4741322
2371244
1792282
1104435
1320053
379129
7951479
337759
2361416
4561694
1207998
831284
1573309
1033073
10979514
1823169
9702811
233605
11957180
1230542
4266447
6623145
2816206
5428628
259209
1032457
970563
113283
875825
1369186
1541896
5008018
4664252
1529643
818870
457128
180606
104364
285920
1928784
106116
1283591
1448361
3099758
1149199
470783
1725998
359545
1776691
9691384
4175053
2024978
2976330
1385789
286815
155935
6059621
7928170
62601
1350038
3509304
40177
5023203
330705
10314220
1520565
726984
1555228
2194247
963848
2096307
158809
1390112
3569431
8507672
1339175
2531836
1955674
3165530
5471888
813140
4194695
958363
2772116
5328264
3512875
932206
201924
311883
306512
2425437
1651102
753487
485633
1783203
1112837
3675554
579825
1462729
1159662
7921830
2182137
567574
179652
648112
3395552
779657
28495
1654810
1477234
7652377
4013054
2076586
3409984
542564
207870
2689827
34403
786112
238314
3171074
5227186
219823
2123504
2524721
73340
874693
1851418
40594
429729
4171438
1368038
2802638
359506
430305
3329320
546423
4350233
1686863
3351852
2640128
36718
677336
2087089
8416879
1895700
182330
3336772
3737781
46821
417806
5735897
4250235
6460825
2256129
1229017
349100
3750708
843479
185956
2519166
828458
1587018
8123417
2640585
2040239
595012
72206
1835145
6406075
8940877
2290382
3153094
3516496
1274233
781112
855389
1670046
3259565
392281
1230391
139511
2645395
2455596
7647101
2599396
11084339
877043
908568
728779
3528287
1207530
351824
1254041
9571955
11504371
1521193
3247415
4775953
564263
703256
905337
5102607
3873010
1210116
893442
2327665
1311595
4114691
2597753
1782691
223118
705236
1451012
418166
2734996
2060106
63904
1818842
984431
2335952
425863
2100862
2549827
5151645
1085919
8261105
48477
593274
1559196
2868730
431642
5380439
6041085
1960326
3888141
3559206
2281943
1242227
629842
7011052
2981213
471194
8628316
1592612
375636
1856454
10462453
951763
800836
620754
2223308
1480637
25304
33911
6899353
1623945
984844
546400
9262665
298299
824675
650973
2755786
450406
2268013
4946074
465390
485196
4343505
2458359
2343180
6161442
2007646
1102557
1667623
1792293
5417456
304855
552213
712711
96517
1487802
272116
1653893
423818
41006
2868358
325983
3669776
2197500
607455
689904
130268
6437713
887177
2908981
5107700
4575064
7247843
4237865
1244742
4472044
1201745
1356799
4143667
3230801
189987
3241263
441368
5066450
484429
1969120
5244379
3485230
1397648
868143
3366701
406501
1223052
575165
835607
5057185
1204311
687684
2631877
3006140
2009755
6526623
1875228
2807427
1506188
738608
2863277
87028
4617344
1971397
65966
2787195
1699836
18781
122872
597197
2521893
5101467
2232580
147753
5101509
7987040
1801076
420186
186917
3812401
2195935
345573
945136
672167
4689947
724940
1284795
12498
519121
3527427
3257675
4956068
1129045
1293232
2112561
420414
1647319
1160412
570802
3277431
3305269
1923385
1917165
3064472
4037309
2565758
12465434
2818567
2589971
139144
516114
2196027
313022
301686
8352939
9283762
634036
704080
1794576
681815
2821040
27064
3789086
3824021
312002
461482
4204029
3573185
1016938
289062
3673019
1932063
8104110
1617201
3408124
2528909
351588
2466799
276308
2017067
931958
8186512
2682868
2836090
701866
567462
834534
746009
903074
10284176
640363
2769690
3490340
372626
4156003
2479662
477685
4366500
4901193
3521662
8877520
3559433
1180419
3646869
22089
2644688
6533590
1940810
3673743
1127508
3442091
10582509
2164761
505262
195859
2997423
1388685
1215742
366244
7361919
500824
1613404
1941086
3123627
3119211
493167
5157813
2899348
145608
7540
1081378
2600583
2496207
2112611
4881478
981732
541203
254715
4640450
323464
534023
69038
3551014
2259068
5490233
871247
1152685
4209781
924569
3202912
11002801
461315
1885115
1269805
661198
331699
184576
383017
684622
7535688
629487
1225930
68418
5980703
344981
5994544
1283331
230106
1605325
2891113
2832351
1887866
2642622
697807
2212641
1947992
3095338
460253
3964879
1705703
2966060
224676
1599914
2305212
418990
557979
7078081
1455899
4951446
7046979
10148584
1568950
741347
76468
2961585
3218458
183017
5977963
918187
1244095
24403
46515
2357828
5828866
1808244
5173336
2184695
3252009
4064997
4269187
1327728
20986
1333820
1764356
204132
1779493
2010940
1898053
4253194
3065899
338102
1162967
1090137
2860414
2974605
223321
1977848
3436537
470838
6630929
1639065
330682
920860
195180
3308655
5669638
1870519
1411110
6323383
994008
27927
381751
860929
5135898
142231
2819215
9683
911798
593476
4708362
35372
2314235
1497395
1975943
4049995
1020990
1323559
1431157
1943628
490924
6473991
1552128
396171
187231
1884491
826602
2018550
802841
6420470
2425570
4795783
8076234
85913
9797267
1138872
1387936
3417384
2604678
602847
266563
662680
2797936
4381424
2713255
1156486
4277581
1351436
6353829
717181
3666090
2070488
1561434
8090563
5839950
1600813
2795409
3052975
140882
425516
222866
30096
6437475
41367
7571760
6546721
110036
706766
1502850
2727705
1432362
1393085
3429285
3220888
3814433
1736066
5533468
5514766
1152498
2657534
1359045
683450
32726
718285
2808358
436459
1755144
1130895
400817
3893543
101582
473438
4353620
9990754
6213262
9430897
2493826
288561
181758
533162
6025590
982614
3769555
2177150
2620000
914086
394558
1061396
3498022
850941
1118122
5018182
1545857
996261
2386349
2357819
5759500
5568192
36798
1822569
396365
2821169
1211849
1183079
76561
766107
4214126
2590257
8963739
7614210
3593261
1311005
1989027
1761217
1817058
3516409
326866
1224351
72355
235188
4241803
5310570
640676
112698
15641
1893537
1109663
5256521
813104
1751064
1085202
5528966
2602998
4082602
4764371
27914
2559917
1125
3510569
125760
198504
1757543
1808820
4437276
1480572
438883
319582
2663909
1935720
352528
2946350
964241
2265073
2765919
2064155
864467
20948
3196579
3465089
4621627
5396859
2532796
2455926
2692694
2057790
3527638
5921143
1847228
420660
3259725
255560
880151
2663
692868
3829957
836104
215718
3150634
4934837
284959
2570390
3770361
82129
3842684
2324454
4064649
7478598
673236
2062587
89733
596280
5935986
1808756
4528698
5939461
1982883
3676337
2803013
462145
7891681
1893138
2331981
711151
5524036
658675
2507519
10810769
1661697
877683
2624133
4403618
3376090
840428
471500
321299
362201
1773153
3107383
2686086
2603383
5522618
649956
812094
2731978
3098071
2224772
3800189
3108867
1524055
1651290
260172
1292983
7510927
1642263
2071066
2095827
2522607
8891
2185810
590991
576317
629725
1504859
2678374
3885443
282457
3023550
3594090
6125570
2999430
5972267
100634
208492
2556042
1071623
824827
2920574
1360420
2612379
1388652
1990626
28682
1284579
2996454
157581
3521039
521731
1544515
10039751
2819429
1209497
1446129
2485271
4631919
2939869
393984
703254
1968844
708520
3390669
1080799
7838522
655034
561962
643703
16325
1559974
2891997
2212751
2192359
249418
137576
3950795
806671
2366797
1307357
78421
1700140
693857
6818487
2354034
486498
18513
413883
2303669
4296380
3367322
1027834
848653
1722077
1102031
53274
2218721
2947747
6027648
247128
4697126
3275275
700805
525532
556915
1266684
4373387
2089785
3056020
1114888
851927
229708
2781140
3257269
21526
403812
2533018
1469856
5946349
816281
3788845
7657206
54582
993617
786937
2637318
1449919
5364955
609260
1105853
2922766
194389
869960
3840325
673001
1201257
2403587
2255572
1468280
8471397
320185
165437
899471
2204977
6867817
1820080
955788
4570011
541411
2751269
1196020
3725984
6165756
1990957
1121267
7432894
7497877
3136925
569623
512206
669712
7894034
1515416
2799141
237322
1298978
2609365
6938339
439926
842664
639846
5345241
1523253
1300734
333157
740842
1087255
47332
255402
290220
1449627
307666
4300358
888467
425893
354916
943200
619959
1980705
2055367
4392331
1019216
3389753
938187
726794
4849702
1613123
289390
649369
6658135
2520128
189900
1223125
55852
1278473
2719781
3146091
1008985
4545036
1260377
2368588
2245442
378886
1328850
268290
3585692
2414481
475249
131802
650270
6689340
7828581
1628160
790299
464449
3949262
2347468
1093014
3438187
10608197
9698328
1045283
1921209
606684
6236995
409930
3377288
1629185
848879
5603314
972625
3538929
239028
3921911
5173029
999588
2699344
2018341
1890582
4957832
3626061
648162
4010013
6966145
2296945
3600320
124648
986534
2295503
201845
513009
737682
595109
2653060
53079
960199
7590637
2900973
1942606
14783443
3691847
194368
1862063
4089605
3932070
49589
867508
239750
121716
396625
968641
790057
714750
18836
6050921
2892827
751531
159696
18450452
640372
1711790
9875
874204
523404
4270755
628120
7886884
703266
3934745
60535
2550464
9426
251987
2779972
1138296
271990
1760294
1055142
9669427
2057575
4732178
1173098
8105236
7333683
3782423
719997
718895
9446899
5580417
847197
4503988
1362333
2950333
183983
75470
2079646
1761212
1361787
4081270
1476639
816769
1184070
569880
750731
5305735
2473215
2912361
4283074
1162096
4048897
1151079
1038424
1701662
1284277
3139809
1467210
1492179
2924481
2236441
183179
2204782
4078747
3012100
1004673
884786
2361387
1115110
676921
3152387
1162905
2021651
797873
1196817
1935168
3773426
1326979
1551076
1063678
1183379
4295477
670336
304431
1934223
1782667
6075715
75828
2192344
127073
1330623
16986
175696
1039114
1129019
922292
6587088
2702613
1259610
743171
44225
1330822
214033
284470
3517944
2878367
4152365
1192580
4011385
421545
3275696
343660
6145524
5264149
3597853
3284610
7979028
148132
482992
1067279
809028
521154
6583340
5231524
2404075
3441756
5644626
451409
2003589
508948
4399946
1051929
532557
1256288
6267442
3001785
620778
650592
2415782
166474
185535
1330837
440610
1225729
1590691
30765
77461
1745118
4816214
269611
473459
139638
1909333
3477445
6371029
165142
2648241
98473
1436378
328427
1359761
979988
1548360
936346
410145
754476
2271065
4469787
1204913
82209
115366
3788059
3175017
739218
906331
3782584
4354356
367515
3370898
2327776
7579102
6227583
1300446
1052305
973756
1843861
7826415
3430349
8920065
1138988
1565022
6556601
10460297
187397
733836
1726917
2720526
352550
1551601
2362328
979855
424682
1380300
27359
83518
1274583
32979
1581676
3674295
3026517
3858339
1272887
5508359
8232287
2080853
2601736
29287
2600035
314935
3344689
119839
2433685
2571264
2057718
539615
10121167
6700196
5762789
140085
220163
5119379
138215
77677
4637415
1066042
2188248
3816155
1555921
341344
7305689
355534
1875102
3323321
2323504
998090
3461355
301292
1688597
727825
182127
1841755
2320310
1377667
3678890
6361159
261548
2587366
898493
211636
4098990
704127
481438
3134180
31317
1228339
254456
3597035
211728
474290
7137560
3371374
3927800
3771736
3658386
5747850
573484
4249501
2134153
3045493
1446998
5505668
3609112
4064937
1074426
3239121
533391
1940069
450643
1743931
3106959
4007488
3756155
4139710
2068389
2160932
438682
612954
729617
1375374
2713521
6499278
5467492
1048417
451748
198660
42475
1906104
5531417
3473744
5412475
468285
2404986
2059410
2085190
5568242
2080300
202204
1334523
8525
1672299
4338127
2157251
7263
1980477
5164563
15387398
1878686
8353058
285090
2870706
3219028
2299378
340509
7048885
1596003
1034820
212371
2527978
2302791
4059503
3653213
4233773
1477027
269223
4323811
792516
821639
5150135
528412
3525295
7883405
2658387
5322638
296221
4689427
3755231
1064096
179161
221030
851357
2025285
2068931
1622620
1246103
373186
661477
902684
935044
2079612
1061208
8554026
798556
3301345
571106
1446936
121114
2896029
4112635
481032
641736
3662537
301186
442281
273686
3333734
1594258
4372038
3576253
5844378
5711074
1301594
2051991
5107821
765704
3783911
2935831
5865846
92864
747299
4097841
4553211
23557
3033372
2601027
363822
5788564
778538
4285471
4310981
3259526
2702698
592249
115485
2296529
3049439
394205
1560934
541670
10947238
803154
2723768
4540074
2187647
908602
133476
382965
1973333
1603578
960684
72481
10998296
901187
1646059
3803431
2274117
3064946
525228
66824
607027
1888769
7461935
5860321
2202496
612631
699024
2943435
237059
3025868
1487937
1557488
2246800
2458437
252408
4537213
3031498
3350709
2865162
2858181
713352
2634042
3189976
5137779
122568
4356813
1890175
333207
1653093
936091
24532
1256626
1333674
3461915
120681
428598
26876
5966698
1135343
439386
426227
4886915
2557261
2466853
3698448
6852523
9716726
3786641
4808734
3723268
1044746
5181201
1539420
689002
292364
587342
2103190
3641817
3065741
8432597
782918
726849
2929247
1119039
319474
626187
5612882
2546040
334377
8712425
5080857
5533574
1031961
1213970
880418
1357758
400638
8411189
291572
387636
792554
1643516
145231
400713
4710246
2594268
2733073
924655
3628601
2324275
4455847
1112412
1652732
227444
2339112
433989
133858
448253
541910
405931
1267129
1963846
5025907
1142206
1836292
82752
7027681
322255
4805928
2180470
967059
1761437
57740
4629928
2396916
2796595
597898
658480
771546
3868938
3049788
947201
1398077
181649
823339
576370
1409734
2979706
1757381
51783
1711845
4206230
81884
2010593
407851
2233750
384695
4232754
1075977
2741051
1380442
539915
1387058
543046
1562174
8188620
472350
1880435
5358211
1103237
1060452
1835121
3358212
2928522
1238354
7015734
590203
1271936
279287
2098937
1676468
4450181
1068463
208873
451741
1430779
1132634
4115883
2520306
3619138
747246
1498954
3630744
2613278
11333504
1806790
1307138
233156
3522334
28109
1997296
1382019
10939082
3284930
1019476
1545363
109065
1173260
2906705
1993907
357381
1574255
1499605
2082119
291460
128384
2068014
108619
1684992
1859799
1210687
3461919
2577237
11343728
3382850
646941
1269089
2549981
143556
2301531
11029119
5469134
274265
4140207
2036397
2152208
2158795
2307244
2566474
203492
894601
3343056
2805908
1223664
5516935
1507520
9089
1607056
4829021
1928592
10236
3788058
1983606
1495440
2175047
503363
2917465
3442525
966712
5521248
1046763
1317473
421158
1228105
782853
343917
7209232
914278
2462076
3740544
3043465
2331598
1211378
1882108
1152256
843355
8371296
73107
542887
2866134
1167627
446671
1587109
173668
2343797
833776
533610
5834269
1418472
3537287
1540649
4521477
2276056
5203752
291056
3575416
4689045
1424183
379459
436567
4300391
686768
558981
2791959
2526955
457278
243387
1654397
615307
1374459
6382390
333232
1299735
762412
1690118
3711228
558196
1364021
677829
510574
3881286
617824
265563
4413193
4075920
48232
2271241
8498688
3149402
4472561
1028765
6622119
2835166
904501
1403732
1445994
2034027
3273112
1885010
5671056
4744866
371237
835293
7137864
2954855
1186778
2996926
1510365
5151841
172461
2703914
2673883
4277137
1717238
847834
2215805
80092
1292549
1077073
6881786
1963823
3692018
1299704
3339203
729635
2352597
2313655
2287349
206186
3233288
1372834
325565
377806
145840
431329
3428246
1783242
1483957
3302306
239001
2396859
2985255
867512
5205134
2367413
2706641
2228285
1201344
160348
374897
1913500
619906
2328757
1087036
65794
457775
202511
859569
2204237
1195411
381489
161294
3104646
4662122
868667
1932156
196736
3422777
1011601
814332
4673899
3535870
534642
1330929
2589655
4383656
77392
1565795
5446575
226831
231006
1066428
1675933
2452398
5055746
506863
6122106
6206704
1846411
1364700
1885314
1762718
4261684
6154070
2875263
2229549
1149191
235843
108669
1130908
2757939
512434
11395561
2521849
956686
419909
3948624
338789
4567026
4964158
1178034
525271
1514865
780284
2620005
1370018
217690
719023
6243359
2567429
4462530
2201214
496829
3911463
5609253
2385125
691752
1772030
1914660
2255168
834445
268659
2658697
562750
2873196
1052482
267035
1464250
2357766
72656
201959
899243
908299
570476
4051053
874022
3962857
257560
202722
1453632
493840
2442396
7614822
494322
677302
2345834
1572509
3423197
1098102
5901259
977864
2623309
722338
1400912
974603
5610452
1724328
2357037
596979
1147872
2368619
272644
3724678
1393808
485966
6261557
1273150
3368634
4980792
1918269
473311
727310
1496079
1979761
964923
1691757
1261165
3531485
2311576
2776034
1132410
1606109
2340414
1926512
1625611
4318018
483878
438666
4173883
5270873
862005
57185
1050416
1519016
2390312
1253164
2953057
109644
787194
1891478
1724437
1626532
179319
988242
4305130
7912753
284178
599098
5677
856804
499077
1015288
652340
2811997
1232804
3571023
703468
167711
7102560
515839
1446695
962408
231832
1551780
3147109
2717703
2068563
1052521
2216284
234385
656872
2307599
3262713
3594834
3556905
69233
1448893
922924
1450937
5548993
1032904
1233306
1314226
1197584
2030858
2005809
667145
2545823
2874599
456078
214134
985822
3081355
2331418
1026342
1375371
2517036
2686658
2202384
938513
3404970
1000759
863168
4872246
303273
1729673
285424
3383914
385283
1590537
6710
1116413
1096419
1687080
2711910
5079796
2115575
1745414
530890
14120307
1519584
56510
236200
395809
1995058
1555993
1131198
2568894
9461653
67788
1726675
2054933
2507004
6752507
532322
7241650
2154232
6517463
29817
1044619
443490
268285
437492
6949529
3806398
1081352
1622167
150225
2253095
571157
381850
303558
3073617
4692128
1971413
1885907
8556218
2970529
4639211
289636
3636147
378843
455543
181102
2482201
5322646
2770804
542109
2761898
1950132
728196
2866281
6741218
1380073
3545031
71775
36211
1299499
2280217
639063
3734840
7328925
724886
4751905
5185437
4208231
2549979
6598021
259304
104195
45540
4173847
1708524
745565
2492378
24195
272604
1517302
1021608
787689
37773
776222
2386214
2388603
3095855
2381935
293495
4342054
2733634
2906560
2614347
4119787
4043266
2457455
1877291
122482
5357247
21819
1609374
2875698
138931
379920
139132
460953
1122511
4919760
918172
2623833
169073
1405145
4448258
1655147
5753235
3494979
857456
1086846
120086
1082982
597034
45838
120650
1929863
4850445
7820394
6339314
273789
681002
213852
769179
1882513
483545
3742684
2506746
2619472
342288
362613
3403667
5710778
408816
636117
3330580
3398458
428601
845714
3919934
728551
275169
532258
3600327
2457197
1218382
308830
3034157
2063110
6172707
3003034
2240224
2279321
1881895
1363999
1295374
2808961
508220
6701121
564849
5272696
1144417
1516558
3097863
1435075
30616
163907
3210686
2539451
808013
884362
139225
1197925
1772257
710136
2763377
4687000
2977288
2625617
682773
1599089
1205863
7943261
3341399
4259845
2164115
4808570
114233
2179963
3530213
679407
2383011
2547362
4840544
247392
1373053
295921
1611227
1665388
12503275
2343481
5793756
11563
1775188
258930
513020
1997330
750172
3831767
1201720
52211
1517449
3287827
1688137
140200
3208789
2735031
1372467
1480848
4314512
145172
345674
2831610
10745791
5603467
4018905
368481
134911
2012599
1387841
555084
832776
423870
374701
4515552
4565011
436056
54464
1123534
4264345
449120
223111
144283
1635540
177456
474670
3230857
2328698
3805510
5341113
2674880
3214097
3924380
120217
1490602
2931577
6912442
9280353
63868
4609741
1097785
2506585
801777
18857
3611972
1688226
1822521
4024729
3392228
495691
483960
572303
1629214
2037682
4004552
1243325
2265228
763294
410262
2480526
1094745
1008237
5358931
2884219
7354160
5142329
2815302
3566894
461405
2689401
93550
227233
1437225
365549
5318849
2485854
122788
882194
998518
279240
750068
3649347
1234393
1620761
2617871
45561
1416312
588119
1545591
13871096
1385555
412219
2591908
3913459
1366795
1742038
324317
887648
215558
9599926
2169815
1032809
2190468
4827906
1089200
1736267
353553
1039279
979974
3100343
11005
792714
162954
99603
228292
939253
1630238
6728727
183859
845518
298531
2261491
973326
960141
2425870
237675
4945211
1060739
1106488
2661533
81211
473027
4578756
1937842
1927897
950743
1483606
86923
6823560
6843223
372266
3809165
6156488
777278
57985
1726162
8066859
3441792
30141
4790380
1028496
123348
2436670
1028778
243599
403764
1041341
1962745
5563819
2618433
1097023
1799139
2234164
827691
990524
3113708
10778498
1720162
825562
137402
880917
2850210
187562
4090404
11989817
2187486
647764
1803952
4230175
163402
2050323
7548661
991518
226634
3222573
6955680
6328094
1038979
497048
3547868
6548819
3745797
19684
979147
3031361
8117808
693973
3329237
1284613
1753741
922859
2313952
1046116
1699367
1528468
717664
1374949
323914
4978620
942191
296056
285745
3324486
1599693
1459008
1760000
3951769
705896
11577465
2300390
1873219
1693413
2634820
1446562
518587
228070
696495
421365
1452144
6161616
1002291
2002209
2104758
5908554
1014639
3107223
916430
529183
1491290
2692301
558860
151919
2917528
6565615
2694093
3791850
30101
394768
43228
1154490
3031371
2577783
578787
562360
1361946
1837454
5757673
1122021
1607047
7261741
1846577
4192106
2810944
354244
4696132
3527134
2020177
8882823
324713
1504298
2065678
532324
5466200
980519
2158995
545262
600378
2549350
3230412
2520768
8469426
1470571
4232260
103003
82407
309499
5829566
1456225
3441513
609280
1472511
503896
693757
2240135
1875351
2075054
7707111
2545048
415329
644762
2715842
4425557
250918
1811376
2540991
470986
5291158
2192433
2723384
1837095
3219006
512529
316535
4001460
3393198
121417
8617066
2132696
2612714
2658786
1756570
1093957
1527151
1738119
3452800
7154501
5294850
1282199
4669320
2431501
2292138
78803
5441805
160302
948150
2917701
2241296
5630408
1884392
3168818
1094476
1659159
2296678
58868
6749754
39242
1478127
6536853
827735
2560227
903075
6130733
918137
2840781
4477683
9688122
1476335
220154
4448719
1197049
3657106
842285
11593620
49370
2204563
262422
5451641
1182189
107749
1129427
370144
78567
484613
2538044
3797735
1025302
1299227
3765448
1770256
5629752
2669973
225220
410932
5590353
1723980
522101
313195
491317
396735
567124
3980758
441809
1339435
1096202
809664
8976799
5552608
1050891
1112775
5695665
722270
2928318
264541
322014
1345567
3965138
2617106
3253414
1612081
155023
2559378
5016080
2766965
645139
1453203
1401829
1654935
148775
415796
4660063
218447
2397063
1539615
2047930
848034
984223
1379695
2630884
2712200
4034895
5748943
7269133
1631984
1146420
706973
481079
3198045
1504230
3437939
686074
674327
4316838
2675054
381249
473118
3332203
249045
1067170
412932
7367821
1135808
4570703
6580921
1099935
6720151
99392
4307508
6154780
363977
1407274
1458607
1602490
2666810
1398480
5056057
979853
3562649
2052111
6593178
881463
2698669
3400061
1922998
2068365
3777699
160076
2836078
400749
323450
840477
2884143
1624830
2159147
3308923
59819
3959134
4117744
3317402
3961736
3288469
535006
688295
1916479
706260
3977444
372320
3039853
855473
1085744
40518
2851217
5366162
1832240
313082
2403094
2530931
1549817
1602626
2484276
3045569
5850370
84044
565823
683554
1586543
2079294
1656290
807013
777703
679600
3273147
1209737
3074300
3363297
1775356
1154462
745418
798833
9835404
997562
1561959
412269
889481
663632
283910
2787885
154775
3314341
2035191
1564697
38293
3769087
306469
3340082
693551
2656795
538075
958352
3536501
827827
2584835
807718
231948
1870750
3403691
2350567
2024112
428776
450692
4298507
634267
3331895
1184370
1707533
848408
788424
1680881
1667311
3998163
2246619
2842633
423973
163996
127737
4121729
3345060
4433087
778154
7045303
464735
1097699
257228
1707435
6249380
10027388
7016302
6602594
3649508
1992475
1027291
2039942
1844325
3248214
1146110
1604160
1453241
3109182
4375540
122432
208303
781593
6624098
3613443
46283
1246741
1290967
462804
174676
2244794
2710811
404053
313162
2921001
1565981
410311
3306588
233492
134497
1234951
599313
1617688
1508783
4019239
364506
999128
4720328
5793482
1819548
1941097
5302046
666502
1902562
7678887
2224636
1656621
5095099
1564943
133970
4029011
2284544
1921594
1757726
172707
1612019
341697
3521927
1814800
3037952
3443875
2785706
3496989
119495
20830
2196865
1682566
4579806
332945
3014575
1633123
658309
3876574
4325902
2664995
875213
6993084
257586
3011289
133345
300426
1885787
3254454
2080543
907554
3517830
368145
1628566
587300
2919230
602334
307094
3043351
557359
1511123
370279
739018
4459451
931438
1410508
3025472
46062
8585903
3209226
2640149
819387
403385
1815867
2448658
6748094
208384
1401362
2054007
174412
1354564
3716872
1433537
4498969
8216080
89242
714899
4294406
611115
2049152
503867
662322
659011
4053862
1828393
374983
657562
8041387
733584
3349965
1658204
2657591
5680180
800633
596810
2722638
1269052
2453607
3632483
685600
2670321
735905
1625038
2611194
15170499
1369239
9415337
208195
6137497
320354
903123
595661
3178074
4097743
3245678
206769
592441
2019491
861667
2785839
1785362
1519354
6612423
64461
1332375
1293062
6463338
105477
2862051
3984846
6132265
1086311
830363
1992494
1589799
2683616
2371990
510056
456730
388032
387070
3278287
1017378
281854
4969258
1003450
1985542
759087
2961675
896097
490909
3006059
3310363
1533604
7293285
1969051
725747
244884
1884147
679565
761696
3900292
71621
835169
1251013
6673354
2775949
2021922
304712
527338
1648786
1074761
1966221
1769156
959428
1796518
3060817
4951158
4591295
943162
3783228
2098280
2140264
2469054
5219448
257742
1959542
2474391
5962089
6050741
406939
1941481
5990
2434385
806685
1788624
502172
385118
3784123
5874122
969318
4499971
2568099
4149613
4733350
4252087
7632531
354273
2658484
126195
1818798
37451
5895731
1034309
908948
7948135
823653
44205
1705552
413611
3021786
1027293
3007792
3257717
2058360
1867562
56423
1673438
1785038
1579449
209286
824399
416608
531322
1877444
4110360
2577110
2500061
1206814
15090812
5451073
7072546
467118
3796785
395115
456858
11959748
1101375
1563270
2247011
2761085
9281806
648673
1529281
4299922
1816006
1053353
549599
279787
2871871
1705231
710002
3332256
1198816
11699801
1656809
1714792
1778949
2026976
4365400
841688
1170393
1105054
1325122
5067337
2488321
887902
1167363
4753685
2834482
3562672
6274912
228131
1905956
187721
845333
2154875
9275914
744256
4264579
1279881
2251419
60357
2840087
1261201
100612
479243
2429274
1172665
114537
1898838
5060392
4605279
1031009
1984725
1249122
5316417
1532689
2561875
832095
1050519
428348
211423
358094
1166244
4512583
6569844
1450971
414454
4938432
5011648
3470099
1133315
1667100
1717623
544992
1982855
309367
2028931
1285101
5328483
747615
1881261
2663768
4001413
1192849
461569
142237
480823
2240113
2066013
1029570
1314441
167045
440354
1008498
5996528
576200
2899640
299997
1678837
1719035
1045399
2201620
10436540
241780
310903
570409
1908724
8087798
1431741
1370317
5425891
676070
101799
2167178
387196
1478974
1014519
886509
2159991
3762263
211620
2663965
612889
2595184
1409
372954
1200307
1279818
3143460
2273783
1552619
3143276
650021
1170701
3491133
100533
462892
1246189
10240618
3886727
43390
106379
1975920
1456662
1405094
4710196
31823
127568
1094712
1074999
7634034
498622
1974046
11245490
5246604
91603
293996
99433
1189392
3184454
2765412
3064803
147069
148699
4153114
2889116
696227
857681
1613698
3045238
2349311
59255
6393819
3114785
4936905
468543
2454181
5190037
1669414
1216076
3465508
3162693
1390649
561361
5181950
107996
1935032
103979
2093599
4344724
5396316
4364114
917397
219503
2238482
1167477
2210104
2433641
690271
696825
7763266
3956105
1551870
50604
759396
7624310
314156
2018520
1584017
60765
3364799
268322
6074557
212027
9014488
2888430
5977507
58744
521806
1246185
1823679
14825708
11311635
29517
2249506
1332501
5912136
396085
424916
7635261
1274697
965426
1777224
3350081
516833
2053253
1794732
520204
838466
181408
5398661
1477577
1515704
6911670
655868
6498777
2319919
96110
1731088
486582
276668
3784576
2329907
1506257
10841558
5240680
3341055
2257285
1859485
553394
4001664
1971034
744235
1666683
5557909
1887239
386393
1659046
1830202
2371756
750333
355116
604332
2349454
1862859
11512953
1262047
9734995
19885
1155417
1461398
258795
6478630
126278
4225081
1672146
7995350
1287698
1126769
2069864
7038509
2631882
577461
4093953
175620
2261193
126409
232556
1329011
2031902
952568
2358460
64403
2501447
590352
38330
3177968
5971743
5150949
3542282
1522097
10040358
3458509
2925852
181149
1989005
2108247
2946905
216634
5612161
2649289
1011514
79522
163254
11934516
2389715
4359503
1264570
4359397
2004514
6547803
61790
751630
2880577
1846369
326968
9792484
427464
273634
669140
2015643
4057353
8691385
2982677
1083827
4294406
7599171
616909
2958023
1454087
10214469
5821435
459116
2258828
2772336
2161663
3248872
3811308
166659
1151225
2374946
556846
1112350
223139
636602
590646
102453
1625990
3194320
154200
92145
1793389
193968
964766
3737963
12455607
3175758
1592304
405988
1683786
2259212
281819
2447090
181740
6470634
4319019
45428
142752
2656908
955239
1222374
2685166
1534765
3279248
802751
879084
28534
360122
230689
932702
2340136
1261549
6468854
1658220
1834622
97302
1292171
3432757
303172
10999794
5793053
3277945
7112541
1517199
1228644
2546483
440136
7827094
1188500
3068375
799590
172346
642565
8034633
3846072
1516436
892847
4407352
673104
1751944
1227633
2063202
2067117
1690733
7219939
493863
1348411
1557154
1767990
2083954
1808139
1365554
453531
328435
1217577
150121
4669201
3330541
1466769
275921
1380340
3828936
756043
309723
1427437
2239909
3488658
587215
3400133
2189277
86119
2830094
1199144
116326
3011392
1295333
435304
1035493
1579427
1804637
3237415
409674
957248
1987017
2524568
412277
2442331
1963792
2227468
8436319
2198232
1942213
900405
4108073
2308461
1750905
4415770
1859861
1228749
2493533
1002216
1366089
147516
5180723
2195593
131359
2665114
937650
4206406
2063322
223256
1113897
3270998
2136160
286170
1427392
6114431
447683
296755
5452608
102069
296733
341082
1354193
243353
1933309
3409752
2431843
9173333
732087
92235
354307
668223
725708
76862
1728452
5478748
1799488
1516541
648957
6264151
1840730
86781
358098
763118
8983670
2456264
4979945
682949
5626952
4293160
1164254
805984
4168085
1493108
1635683
1615448
2772993
992053
1020327
3085785
1753106
109563
7973791
281601
1775670
2521
1334825
8537311
446584
1685697
1295551
2369314
2213606
524505
745516
1337727
1742418
1793882
5524223
4288523
2803116
195889
164271
2267963
2694524
2960767
1712010
3672079
899228
471441
1324101
4616
1791769
4166124
6208784
620058
2809867
64156
1652960
3143184
5415719
6226666
2385194
839788
4109925
1644222
536472
127880
1243307
1003970
1000835
199626
673796
2387628
5010444
1318521
4389161
490046
485814
33870
4381495
1075415
58995
828775
2407881
557894
3668621
1671124
5690407
1058802
4629218
324788
2472675
6129236
235859
269101
4311247
208787
1053236
748896
1988410
3558563
697931
6518036
1875267
1630909
4147050
2183116
1519703
1166403
5481317
3585579
1128043
970611
148178
1561904
1318984
3108800
2308719
2701425
3916177
777485
578322
3960067
490976
734559
800508
790710
15815
522600
2142066
1035911
1446436
5171069
2710207
843558
3234831
6031005
1478317
1320827
1406628
837532
690259
1520047
635843
301896
571191
20635
524565
458129
1000582
1276817
3345504
7180846
3015774
291975
5039706
3593942
1315038
713534
3340665
1070330
488411
4065302
1479208
2937634
212254
3731912
3083380
609625
807876
5650459
4805480
11051590
3243018
2402247
2127569
2354114
2051641
733731
3992126
3049463
2323812
1695835
4104119
3332996
974395
2925980
1453116
7793149
7575138
1305158
1614593
1437275
1401493
1301291
1985737
719940
350880
3334634
1517525
7072546
212643
2864787
497493
368208
2560325
230445
4752922
181878
233191
134752
1289975
1032134
385721
3714407
5070624
6266256
4017236
4028274
1282329
1774296
2759756
866142
1212182
2543805
300218
1631863
59717
1017239
1109094
293665
564213
4154853
1762427
140587
1528692
483572
750135
275402
10880392
2994756
5824172
428208
4095236
4743777
1602724
101885
297286
1616971
618963
2613472
99463
344456
1750513
1380779
889700
7824924
5085761
191089
4600063
1143393
1974312
919760
2332593
3036243
3866322
4436202
2461014
3471815
1590993
1641549
2258402
3323432
1119366
606253
3034488
8521679
2073478
587635
555743
1736929
705073
633105
358789
1585653
1949413
3059754
4678257
1371920
2064444
859975
11749332
9876314
60039
847577
1963145
1482967
6293380
1813855
3063410
996710
1669887
131843
2281041
2782700
651098
1385755
1251134
1156062
2348145
1646559
2164145
2362864
4718388
494398
1213060
337043
430026
3990625
1816773
3462606
5073116
998915
856403
1211456
396633
5423836
2295400
2476269
2254831
1452822
3331127
1344914
496397
132222
7097441
2163060
1185353
1110298
209943
948398
3445863
927244
1745932
287488
2904753
3939583
2825765
3107747
1337621
489795
2303571
715873
232302
5214122
2084137
4822519
7577064
1009299
2041295
1321782
367173
744132
752228
1672311
681214
2338127
1248940
3398589
1643091
979076
2125383
1564418
3454935
108503
2811632
1663355
1222833
1035889
1756390
4280917
693216
779502
697672
1543616
405628
5588814
4292813
12479
2356602
299956
210943
3759300
2747887
4001743
1168070
962198
2738646
4165241
2263260
108290
602956
155288
1501716
960207
301907
612966
2444714
2643972
4203351
3193735
4180871
1262312
5278259
447791
9222030
5512717
4048967
1193519
7206958
1813785
2114183
1247766
518953
3652120
2242630
235900
4007661
320239
3391381
1045011
146322
3531605
423140
5921399
4438945
5386512
12667
3839158
8536765
291584
429975
546315
1361034
2183174
701526
663835
1843032
4831526
388361
528253
332317
5384696
4006152
62626
1372434
2794778
187763
886266
1425953
645766
5576671
1159543
1383723
2037911
3911188
475947
4736870
4263563
867743
1464681
1875796
1179705
1142583
1617685
2413090
8632316
220172
142704
1096494
217327
937517
1578454
4158943
2941996
3729948
132511
571645
4022240
847905
4072519
1020848
373161
872397
612203
4299540
1611504
3870509
383092
800933
1466000
3955832
3973259
241223
747332
1441760
1765116
11663693
1598933
131949
2319367
2150549
617161
3175983
3935342
748906
631681
3805806
5526863
833852
5294402
1884243
3252748
2412849
1438084
1724361
1091440
2197391
147878
4807476
3443087
6107943
2976840
782831
1556861
1125182
7948999
12219530
5344565
4602087
2633154
1074404
127469
614896
5738327
2121552
403982
1734072
3508854
3817883
9641250
1927204
1473076
682326
4532249
932016
8019944
9559705
3920614
3255682
3293101
862655
3450230
114278
3685350
10431
745509
1756361
828606
1462081
858295
6332
1610203
1114699
522830
1090761
5798083
1904247
81090
3651080
730562
4343450
1232356
4250926
137582
174982
1998544
1682600
1107030
401399
620213
10863453
126348
168941
2224072
644140
3006200
332079
3304958
1187687
905558
379452
2406299
5631725
2312303
115519
3855169
750553
1478304
2452421
3144193
1222815
1199292
80623
7530455
4642685
25279
7771753
3502551
4368540
922154
2530375
638885
5503261
5553512
1341606
1542662
934355
2308441
2707270
1620529
3133907
5096533
869623
1189720
3688083
9614562
3743919
819406
266542
1206609
1289207
2112456
3437760
2966938
2970033
4298821
514860
3202338
807448
4063232
6205699
1157957
1676152
188620
1607774
1575847
1032599
3051839
1789248
1483869
1951409
303018
1198042
2243752
56629
893326
572848
1660267
2216296
702658
7328162
2714787
2518541
1399330
11088124
4684691
1798690
350780
6403580
1440921
23230
628664
5417819
3158652
63703
231440
234188
5246021
1534855
2128765
211310
9196564
1014141
293051
2153463
89943
2348097
2666731
4268940
2001440
4660965
3764310
643870
10170596
4710223
3633220
342663
218813
4462415
8740940
1847421
2769054
2479623
858648
3200034
1366459
1461943
2449469
2648870
2038510
5535755
583095
977023
602488
3561598
1111721
429574
176711
6446397
1631983
2603735
2313203
4730590
1161255
238324
10675708
14456576
663264
3825933
4218921
1173349
2371062
1932682
6732760
5702453
1751080
2194757
1232517
438773
814228
2183090
3473957
1758673
75557
1378879
1024702
735144
2049200
1487244
1185165
200651
2731280
478761
5630952
5348997
3078370
3979339
1964003
3266268
2126219
5474326
192347
1198074
6551148
6750980
5769451
1074286
1690289
2793997
2133949
1984977
2614407
537371
5582698
2107461
2247561
2283942
4761098
736067
30985
2778173
423442
1092950
851998
3740333
3491446
4161258
714828
1266196
3847620
6126084
717554
1790643
1364091
6813618
4171727
315106
3258377
14071254
1887171
712442
3735360
2267374
205733
3559978
2504796
2986829
5869506
54072
4144353
18588
110050
89186
424516
7895
5433952
362422
2320958
10190685
2241040
1126592
249915
674022
475485
2764822
378087
329032
2303079
5013214
1348390
3603805
1384074
797105
2205056
667416
1007445
702848
2723685
1220651
330962
3392537
5928639
5842448
2319580
1781005
2857817
1869516
622815
700498
3026852
1574106
3450082
1259992
2391097
6509270
1667587
2150402
111417
2407256
1596261
4424161
1613708
1189581
6340215
1280575
4726972
2225319
1663812
568448
355211
3295580
5008597
9387345
4910119
796916
1037733
904546
5134143
1642700
3817159
2254131
5207362
2784830
4067242
1797320
1576066
840439
1327707
685286
3013530
1598133
2805801
3519248
2970376
2051290
512430
2185085
3764307
2889745
7468876
1707413
5113077
1361900
113659
2937614
3476682
1261887
1145519
4409872
3393932
1398544
2747471
1184140
3430169
3897739
1126280
1900671
856870
4623349
1854412
3671563
1838695
1946022
807498
484289
3351012
3275277
3594105
4025661
3260097
2290510
5866555
3051450
777091
4547438
318273
4796545
4839537
2259740
1984262
406807
1604202
1734443
2577153
1923487
2687434
150695
369621
4768683
1026175
1962119
1577068
4286467
2053472
499649
2218903
2227942
1402588
2771182
157770
409515
1837278
1531505
2804210
1415018
5058280
700987
957431
6044813
583953
1163202
2491547
640503
2174902
742624
3344394
81122
1372610
1423145
2819234
2857848
1767376
10112494
1759542
922223
1193355
482617
336568
695005
1129769
991923
4465286
467938
1189374
2346996
2252580
4885982
356032
3384126
6302873
438704
765836
3244834
180552
896100
359688
4174656
1183341
3719991
4893170
1287496
457637
8516559
4286806
4676463
686917
2067556
7842131
5866131
4628478
2625511
2500817
183318
2742117
348399
4284828
2274359
1112098
4151677
3134259
323999
1842299
106901
3990040
2934176
3274733
2136562
4936125
2107529
1980884
562662
2918026
7836283
1791184
438789
3970389
1602405
361644
4998539
3104341
248606
539743
3495593
1681671
4603175
1822878
7914766
1277611
3334253
2158078
1222074
363061
2669890
286614
4788581
6050578
1034520
413663
2033263
487882
2455945
3037964
3817755
2318369
4752561
2004757
2410821
234634
984693
1747766
9452614
5630829
1515029
2020294
413356
11658672
3594514
1413089
1938352
991716
395043
296969
161926
4313996
2727387
3889850
156528
5746490
1514104
1881936
439262
2551157
1642109
3005962
335126
6842142
256444
5094116
5895016
31415
2563184
3932924
1033099
14334
5594729
696387
1282198
40218
227823
3238249
301739
3774072
4748247
1115370
2450368
1745595
1238146
708676
1843789
10413
10391365
81248
2019540
9169372
483532
6763597
5243935
3210939
3476673
5834198
7401892
627448
115433
408954
1591077
1863846
4277111
1885050
5581882
840032
1450868
2952349
1352800
5096913
2128795
1733737
586943
4296651
1286278
1230495
8039302
316023
5296706
5310088
3566859
11741511
1250232
4263277
661
1193379
540805
2465859
1711647
3408333
2692160
7231071
387020
3161425
502341
1042364
103361
5348180
9948051
1542437
857292
191565
913502
22358
779302
1578798
306123
135425
2144832
793475
4112796
4682730
4634481
217549
405010
260374
16716694
423372
801441
124445
6300
1719171
1025384
2668307
7074003
1635713
214645
1559294
1178010
2604017
2342679
83214
182613
1899264
2798060
7603191
5987577
1389294
13720906
612899
5732440
5342046
6844585
3735314
3760874
1055253
5125143
1295423
2450699
5018419
2080511
5272
657425
807788
918992
1649375
4446926
1121195
60422
1037930
1116971
1182275
1145992
5187309
15195
684772
930267
168640
158091
4234616
3231588
1193702
2084755
3988727
1836410
1272277
828129
1019098
4433390
202421
3889290
28776
3754133
1936827
797807
5248045
5696653
4940539
1338130
5872760
729728
1003271
351292
1656232
97349
10657705
106699
418755
117310
3055342
2505424
923410
373862
2637682
2801755
1359620
2013434
501557
2226
6070167
1331082
2839414
3360038
1619207
4168229
2445748
2896999
4625808
8697971
2146993
4961925
1609431
6974429
3826624
828289
2643167
5460139
45203
11289658
4529512
1351971
905881
181021
888305
641780
1135717
3009822
4753213
1892291
1728272
927069
1126802
1951337
3727114
1116800
5399803
5570248
2339490
1072984
138139
1679841
2667492
3078989
980281
7368586
4228924
3418084
432510
4626303
2441794
435370
101976
1135491
2954908
1961372
2080978
4017290
3740492
943786
4898954
1398985
17238
3599316
522715
2747685
2330967
3478914
4232051
4908184
2346237
1216244
178060
3020904
5410557
3071120
2372919
1555289
578191
580821
361325
4663151
1603563
8760621
2938734
1872320
2899279
136172
297458
2884575
1722942
91616
2657430
2451112
1106561
5116084
2042231
6931119
920814
2218649
162499
50436
295108
1427860
591930
710132
118654
262290
2109633
2972938
1865987
127228
216659
9704195
589712
1162976
3693580
4486457
294732
170418
7287114
658400
4520061
1706813
3934605
1180296
2165283
456283
4128221
4376013
183673
9162003
2767899
3207977
1527303
699439
352686
741666
655243
5709212
4395600
110454
322566
5381545
3347158
2202912
1808010
5138594
1520021
384783
5449244
8765206
1289320
2825600
3526551
3482627
4683007
279448
5206745
1170348
2739826
2653625
1057049
2182400
2463073
331046
553292
760181
570149
3674011
3004086
5538975
4583556
4318647
3835053
12263360
2750629
235373
1433849
4774438
2869644
3718658
240687
2105670
2009736
854302
6037460
836466
1671200
378897
134983
2318689
1682649
3001000
5432550
678705
1242033
4670150
2061519
4616842
193656
247866
253466
2637772
6286605
2223010
10953400
2761053
549407
794492
5432575
411043
517329
4780922
542406
4520881
4071085
302869
3358282
1709886
3207743
70414
1883385
950281
4423979
1549389
2536776
1428876
766672
2212839
3207371
5975204
4652814
1332913
3085020
796331
6036816
400964
3285567
264508
265510
850601
3608658
2698109
449681
7127567
1638892
1690299
11460958
624665
2319293
1401711
236659
7704622
350135
7185447
561700
6573960
1802311
1247206
3218064
7151950
1206941
146260
1033805
3512259
1266826
33532
2827826
277713
4001491
3076773
12018253
2216611
329344
1701898
3154148
5162165
4230814
3599369
417993
5929749
412237
2327545
7118105
1466356
277110
7476838
1396545
900438
786058
1862005
6483930
6168590
500313
290139
2342196
553542
8769201
1772389
10385542
843766
822691
313215
1003749
2423773
2159591
732093
7944021
1850962
1641521
547410
50743
5623041
2943796
3103642
2731638
232685
886758
1807656
84
1301100
4501245
3571565
7556583
507331
8345080
2905158
3465724
85527
4698558
554693
394097
1581158
734364
512662
984561
2733244
988464
2268513
1005230
2130884
152710
6634705
812336
724568
1820081
50861
2569085
210391
2737514
8006658
546922
3250284
1766651
871333
522997
2747883
2216642
121051
950694
80069
505696
2791261
1779240
865349
855750
8965803
2645875
2667519
1082069
2001010
12197801
844289
442751
1570463
4282354
3418402
2906966
1272271
283668
213598
1985543
678568
1515370
1188795
2512185
270822
4593775
51517
583124
14230324
6023629
4670811
4545487
1220269
7634328
1201139
4428038
260679
1321945
1352059
1585274
2052044
1569604
593331
2277035
9907451
1487540
1045368
57640
2736669
1170548
3883353
124390
721860
479816
4110722
1662674
234358
4097853
791381
1191601
884805
2958505
95938
2470706
880808
936157
1298404
1605700
3947378
4877841
408526
1161024
4221079
1871479
202567
329512
3668322
197472
642472
3799689
241690
1380349
1040503
1358349
892530
840830
2447151
1910590
579612
1926410
3547877
1077770
304745
9905997
905482
5436397
2721297
6770243
612378
3513932
210331
5560777
1180542
12344634
2393509
72543
2488194
441464
737986
5105479
2511113
5662899
2973715
529164
200570
4587353
2240690
2511963
8241170
1745925
8465855
2128472
8077735
91994
61224
738957
8129697
2928964
3416403
18920
1595028
1069400
520412
284124
1561818
303771
3702566
491633
3456753
282099
354054
1246157
6159347
23191
553567
522241
735000
614324
1412169
2620934
1799787
2468494
7065025
1577747
3251336
1541470
1902295
716674
535560
1786920
1064980
702781
980386
667045
347348
83394
2821458
754525
3690800
671853
2789097
3058708
480982
5312628
8913190
5293714
138296
6110480
1915464
1451609
3348935
815362
2770093
716713
1577928
345301
1776355
4140647
318312
559207
3685706
1304499
1077761
1569558
2155874
1039535
1174439
3000338
3310884
712446
586461
563329
2006422
100235
1141335
1312012
3119886
3909088
1942846
4033577
4716778
986874
1444163
394409
2283997
2190045
64964
4387723
1863501
1392561
9510311
6443776
362082
3520273
484024
5864909
6843672
1556920
3123688
1443440
3029442
1177167
6299879
3392386
2391004
4327054
308937
1530294
2437855
633354
243456
1716851
2757404
4627915
1748221
4447371
2679594
1345663
5843380
2011588
3528098
931073
1807217
5579841
24982
362230
1055068
254319
4951320
2765802
510377
6857608
7762631
510903
165290
10056290
2435327
874404
72609
2970564
7799802
3090536
29526
680
2033021
2300112
886553
2440946
1735718
1387186
2391939
576618
2346345
217668
1168123
182758
517096
4891173
1809790
185682
1416414
4207751
3409484
9980184
2584218
2489087
4824574
253485
1200098
2734844
1341354
1944172
5512050
271240
11829
1044959
981224
1203260
3144725
3289120
7000250
647444
70508
3431804
2206076
547689
63471
942556
1969879
638337
1216235
6137136
1054382
6082581
356989
4023182
3827134
3165637
7107074
8103774
4207078
996383
722832
3538350
783143
2101345
1121155
267039
1649453
2058652
578417
674908
5604583
457269
883812
803955
78520
2113320
150431
2535232
466333
1089769
5738461
2422255
2381365
202005
438288
1995946
3178587
75185
3220273
2422272
2626580
863439
5553676
2968901
3743977
4837320
5061335
408875
2069092
434429
1486642
3573179
2539419
129633
1152214
3809485
3206160
382299
353226
36601
1888855
418642
888542
10440166
140074
1684362
1117202
2286719
564907
5271655
818923
1822550
503722
464777
4040365
863931
1411215
645039
376245
6239269
2902200
1443558
11617
611137
495658
2030026
4444620
11203247
3229179
2208981
871562
1441558
1126491
220460
3293776
906807
2080547
43153
2269818
657503
1460756
1382783
233786
271538
1047829
1168287
833301
1137567
5716764
1240970
3247476
2852857
2193831
4413191
497822
264885
3517481
1653534
1331489
4084990
873178
5567354
5652306
2007810
1222480
395290
4215589
273428
4289102
1762336
5465349
1059939
661988
561397
4506406
1120659
3021722
1835721
1610352
6871498
1143313
8056963
448035
1595400
687143
3912665
6932812
2964057
752399
1861622
825287
424009
5092029
5559921
2710079
3374874
2970302
2462246
757867
346783
1268176
5670819
3860643
2933500
4424903
179571
1261837
3776829
325869
478612
1283560
4767967
1981066
1796065
1328143
1707569
851580
9542802
3678790
645963
6750416
1075123
5599173
2647825
2934026
570271
1301408
1469722
2554882
617528
309765
977481
583551
4050969
8386286
674292
2117151
2193033
129847
1817822
2839290
10119180
4821977
2482230
523366
2804992
24706
143220
4759157
827692
3956601
429411
9138359
1730874
2767304
264446
236441
39216
1927442
467101
645664
274504
629296
1117931
3966502
711924
70866
1788085
3640047
2725668
4877674
1907045
4026874
2063850
3004274
144067
1120657
597914
2875024
5907085
2158549
1816890
648086
88583
1186416
4341301
675685
2172657
1623626
2771965
372595
1479930
658808
1193963
6341216
8045926
2708010
3606113
1943514
258805
105442
1858281
1736587
1425369
1740332
135579
896434
1816560
7442363
268633
1084957
1950928
4722102
265096
2292209
1390380
404296
1305772
1681911
1136051
2893222
71035
589157
2130572
1063850
2603815
1825445
1727732
1638392
3506608
345431
2286467
472066
478830
3242177
2219570
1119305
397048
5724581
10566588
3231468
414010
4143288
3156994
660487
339352
863764
3090146
3310137
161797
461536
2385201
262498
2139323
1526225
3985623
451243
646349
1568163
1215948
616329
1774564
3600340
1252371
1713702
184897
94578
1639863
866189
7176351
325251
532060
1957524
1342681
233236
2457843
411945
10088546
7525261
867916
1664829
799221
4774581
205555
4724317
1977429
1208288
931661
3477924
872990
128495
114442
4390511
8043097
293382
3372623
4679284
1436927
316914
2021092
1271683
1245653
210663
2084406
2364086
158716
1574549
2772579
2777464
295034
7420736
2342254
1623758
642160
2130012
973018
68020
243938
1385489
4772085
5447204
7697250
105667
14848536
7062829
5483520
795003
3417044
1049170
761778
2976835
1186
2222759
1867033
5393931
54873
491992
7878126
3331880
6578991
3484713
529168
1557678
142431
3234820
1576952
4948844
190985
2230998
966477
2209110
1163114
755485
2104933
3085264
2566341
1734325
1300285
4022497
2013725
1407127
688326
14532122
3018132
1020367
594838
6518568
4509114
373081
651409
660985
2184286
83063
1150459
1586297
1072545
808380
1227064
321798
1392785
7778555
847705
2585220
2057933
79203
2651575
279471
1110775
190788
1490185
341400
218327
1193253
5065917
942951
2137766
2097543
6740217
2619624
955059
3855070
759814
2904950
5707219
2979066
1628421
1947842
328576
2085316
1258533
1970139
7260065
7655422
354154
2758989
1651312
159869
6073446
4642228
5386357
3338720
596144
7001035
5077184
2051509
1899711
1620361
2231832
382071
1467798
1247395
465499
1483159
572790
804087
9354586
82950
5501742
773076
5040845
637803
7423856
10879
1575457
685399
6986875
579298
6986279
8092449
1453054
1063519
6476614
1607272
1734592
5913357
160196
458284
39965
5589254
6670753
93632
3927980
6042952
1650064
851859
2436010
617070
6863399
2132307
2432631
921848
4341513
114101
1037062
1592732
1115675
3537226
1478088
1782552
379199
947023
1561451
2576802
38179
1165771
1913390
968311
695700
4610610
2598125
3241376
1703154
2655897
680788
339714
1013625
690673
2041607
238884
3789603
1322242
976333
1463828
2480443
3152724
6276783
896031
7715456
1268365
3700102
684999
94945
1728192
4252885
5258429
2445936
3409512
678798
1058971
1800801
35169
2896124
469815
2356581
2011992
4518763
5906560
1353096
580456
2896153
528533
4026360
1746609
4545321
647749
707107
3817620
6232112
1922706
3102944
42841
2312565
2316420
4301877
546167
3625518
1085658
1089842
7478060
1531886
3174658
369216
809613
676090
2747479
440393
2089705
1121132
6469300
12514265
1500990
1296591
140505
10633262
3096772
5659158
10489393
1949275
3271202
2329463
538870
1033957
5410011
2750791
1426438
11894
1579317
1415969
498111
6115643
1557815
1686160
31851
2254163
471057
995070
12626449
349748
616493
8621298
281680
7569034
649629
598299
147088
491401
1724177
1524839
2621847
2026561
4976972
522779
1666273
810150
1543107
1853402
952365
589247
3375666
862331
1232848
131586
4961370
1098183
247961
2780259
477646
2363499
782055
1298860
1739088
708445
3966186
354769
1429437
339921
293255
422941
3119861
6930033
3824592
500114
151708
2267667
37266
8928315
534705
2496814
2168024
761001
587125
2352607
7222469
1983362
855033
217182
129484
283843
1260241
3118
945277
914084
2401457
1928752
1473392
63183
91856
3348717
397470
2916325
277493
6734534
5310376
1054573
661525
2028641
42037
425629
3634752
3184901
1767322
362172
1113661
915585
556374
6945080
338145
1488915
5218402
1649382
1970725
1569081
1424739
80318
1693131
1973693
6067597
2399785
436359
2365165
1820362
2283918
29265
1413694
832629
4418
3082886
468929
1614238
2530672
2808159
3970817
1873963
70004
1966765
630941
273136
562672
3693805
14420
7229047
4491948
6518188
496943
11713121
1989704
2369710
7483888
1004970
1127655
976639
8479817
1613323
4405019
313904
2191347
946536
87579
743775
578122
514477
320957
6022719
2120603
2081951
5263898
2434815
2048064
7402959
922266
1463313
317690
503558
1899898
2074853
174861
7432819
1913136
5639245
1042152
2794251
1566073
2193849
108741
4763782
7470980
6509439
141115
1279987
54703
1727271
1938287
130553
5576744
2986956
2685151
764255
611686
259486
1191924
1133935
586848
4373727
6687682
12822346
98179
172592
523139
274095
1243879
188343
2491157
369479
1544914
2452221
135437
1397768
689178
2618561
215093
2516264
5885610
73168
162447
1007321
915450
4540207
315648
180375
2344929
409897
2135259
3135255
439429
1447342
454448
8480258
789725
6131681
3944444
2458708
1118844
1450091
5990075
1491874
596903
693089
730134
2299464
2543669
1336656
1427556
2723429
2077718
1910801
361184
1564251
1828528
595217
4835255
1378693
355796
2058749
2758782
1895429
1820144
2051359
396205
188103
2058068
992682
1134827
1940119
2858286
4695899
36215
507465
909159
669136
2698
1079055
3816645
882117
1764879
3872775
482175
2140044
1862847
5618794
791773
6796716
2395506
2572806
1869838
1586877
404832
510658
3675766
1750515
2073571
1271379
510306
233838
227033
731373
3948000
5459637
1667418
4517504
2189452
2680303
396930
531379
141453
4198584
5400099
3827658
1602396
495373
901593
1195987
1490041
450603
2112520
1251963
1023965
554808
4324670
1249309
3140541
5852233
2811378
2092823
1721847
9797840
1455050
3670369
5902995
1339713
208500
1156794
9102065
336673
5609989
3940563
1431798
614171
931500
2247595
1920627
2916752
3375184
323498
267270
4679840
3688848
326408
1637342
127496
2185225
1315031
286674
1778385
6718084
2920582
1693003
2033925
702212
3291387
4005022
5932242
2458465
843906
353755
690199
1598651
2294869
1463639
1049141
2465808
1210002
2407544
1498881
5283914
4246406
2582109
479102
121372
799235
3194449
348449
1835341
5164584
1455868
3183030
2555324
886627
299216
99162
3316719
1486270
186654
22695
3979384
2987324
2418904
876928
5096395
1054687
1345159
2221072
1877590
585133
3794600
5652542
4038711
3652286
6321585
725958
2332583
5917203
4989843
2016105
1322882
4649429
179219
1092045
2766654
279548
3702120
320511
624291
2098409
17920108
1045701
6550515
716057
4035675
261543
3292498
7926383
369475
3712933
37148
1008930
543799
250766
589749
3571448
6392836
354558
945917
151416
837098
2301302
2129468
872689
181898
4260375
1248459
13091114
219518
2325613
2677570
623623
507561
1931526
5127201
9007626
938159
707471
2788075
524953
2382972
134775
269448
1270418
2585180
875838
2283392
1624951
1915973
4903372
6951739
362144
11641
404423
5970474
13970825
1284604
54215
74790
3759836
2174365
67865
114961
3072770
4844125
2005478
239594
2527946
4849357
536716
2312227
452834
3827249
6430890
6705528
27157
12611121
563572
446523
4803138
46431
6647
1215339
3896456
2617095
3171699
1795349
2223768
2547317
1233100
851215
393198
5162110
143077
832568
2720244
2342096
277174
2759676
134561
1574306
791103
459153
1913083
825967
2045956
1709533
334043
1757086
1846903
2836243
2064301
2345839
274657
5498969
361087
608991
3441120
915158
1484847
1187416
7300161
736183
2102013
4118464
1889568
513548
732255
8381071
3103399
10811660
236727
4456360
241497
499209
1185593
6131158
1967454
2063316
8154830
679755
3286611
294347
2767147
1672741
1797461
1247578
1862471
1091725
909734
5640392
825763
1604142
2772423
6367453
431959
25211
3517744
4239331
643185
429518
1562799
2230239
105139
2909556
4307120
2292953
4729556
2043880
219398
1166602
1070429
1060216
283463
574819
434083
9842129
2872754
2717202
446367
1608273
1288127
673646
639071
1005400
325293
440598
870116
3140972
8317968
177951
1067103
769402
549982
3756267
761557
1462511
2208476
260676
8677505
2350016
991125
309559
1020016
573378
12072997
810960
24632
63254
2001947
2683095
6979239
1871583
2201963
2204367
4028388
3235956
1939288
5691515
39407
6137385
6593708
6090133
287186
3043270
6273724
1952387
78471
1857134
3144
285651
1156886
1923900
126887
9573393
989903
875949
1094388
3162839
1665075
4430428
2864065
3251638
3407799
856059
5268506
9418385
2292110
4754809
7296730
1038842
246582
3316169
85636
834188
520860
299114
1692214
1887653
2398885
1121159
434876
5152113
3987363
1770273
7826494
512647
5581174
2887907
2568440
5406184
495459
4534623
5294998
2380180
65041
1656071
3387015
665233
1206212
1215169
579752
732887
2303793
2540984
2698721
5084113
2884833
1503116
2887168
978202
2711442
10381408
9421324
1838290
89754
3521860
454044
2014920
1220393
118579
25499
3823519
5647855
778002
890553
1705769
2881302
2207729
9530902
1487333
4441986
1748500
2934695
2818904
1093704
661710
8681009
1905388
2543104
390449
3958197
2812442
1744566
449333
601125
1780198
15110303
1610646
1660741
2162589
2777357
660535
960314
469740
507551
5341654
114039
1715363
2068623
8087850
1519593
2275477
10665324
2788808
6116714
647357
2980858
4417451
494895
1093353
2143087
5663858
4931561
2666109
975502
414063
948202
525291
1646467
220903
312775
456156
5480514
5135568
7563310
580792
145771
2795595
3045935
3009028
2013318
115574
1687918
793794
1613633
1306702
1755803
1277044
7049264
1155144
7662372
1852926
5907018
1314142
4801906
499260
1844433
147436
282039
363712
265318
248404
1409447
2243649
1216290
2321652
315472
8793556
69305
325089
550605
1375438
3017990
1263977
2885461
1851808
78471
628574
3509370
3137762
2405693
904454
5841645
1024174
3580416
690584
3806060
138541
438276
521576
1342247
1588753
2496037
3813906
617924
529692
2920720
351738
2543523
73630
7408033
8502580
2643595
1753503
1637817
38370
536145
769296
1740437
41732
2234126
854447
2534081
851419
293954
6642774
671559
5858371
813939
3345062
226800
2122898
7317403
465450
3697939
30846
13121049
2278138
1449639
1961975
658677
3828233
1546826
3301758
1756474
1831101
2752603
1111323
1429787
498532
699886
2164390
5382396
508606
1616301
2921134
740595
1234098
4517285
412065
3935421
1259933
3296576
651611
11418393
3579208
4918883
75322
4821328
5236962
2632042
4247326
1647471
2628269
308931
101823
663648
1619693
4514230
1262316
2685229
4219027
7183165
894492
3492395
1050481
6768269
640089
1183391
5568598
683336
4115837
737777
124570
2338306
1125921
1589699
5344303
1946111
2738237
131268
899682
167970
5233203
938839
6182987
5572546
315879
1461250
5743349
7181006
2228573
2356441
1640871
1132754
3424065
1001264
2367874
4489544
217409
1031189
1816645
34849
1569736
1871923
1791533
2585327
71055
2264127
629743
229453
580107
2436210
780536
2765868
871697
430341
1025043
3770039
962598
4868945
3492572
121326
845875
710299
7106211
648896
3378749
453104
1009133
703545
17891
942615
4857955
458043
2205560
370725
703909
1088328
879245
523679
3293754
5933496
1386589
3378569
2957960
3907354
258193
290469
2587754
69449
884956
4441286
3904190
2528238
1336811
55937
1966914
2617177
483866
1521969
6627362
3021812
570317
1136057
302824
1022345
5107422
783397
4265952
1837941
645308
976856
3570588
2299986
2330519
26175
8062780
966723
1191107
186199
1668497
3510207
373561
3001451
3243486
28293
45281
643017
362573
5091331
1294056
512225
1860155
2128393
2972794
528128
2310021
5474074
2578264
1421052
2177959
4031325
653147
1129982
551245
1509306
2161236
852526
3763335
338632
2380760
100934
1411744
1894670
658082
1333791
340640
2799954
372046
2214660
103971
3713053
743617
10319619
5721574
4135095
2953146
106789
1533082
763199
116117
1964298
551789
607670
382862
1483144
976639
12258472
283535
381788
419393
1051792
7073999
1451206
589721
139152
212790
3128787
349705
2739561
1433081
7638222
2465362
3438064
4633300
1899313
3221866
416631
3768651
4541536
1207602
1254020
5691
1416749
2050352
5856184
5589634
10948040
137232
12368041
1727577
477787
2531586
1008537
7835459
985241
6639474
52727
1125598
1445480
610544
430649
738405
3814014
975615
3604186
484787
3699859
518493
1352475
11333192
1319224
2090306
6140567
2506634
5258715
453400
1511894
3991889
1322510
1511722
423587
1655788
729027
3360159
7877188
785960
13309645
23762
1034301
2514234
7692697
243994
651423
2548646
220518
5691993
4391426
2970861
1859284
1379498
71093
2362471
2141751
2455621
9158805
1483583
3574741
1410497
625913
3097310
1779898
3198238
2575144
4176593
573044
1084526
197008
1666728
271216
1271878
2871022
4710906
612009
914975
1017758
331015
2164839
5321382
641247
4937436
312278
1101359
3548012
1115695
1062509
372038
4980489
3185851
5327588
1923357
777835
4698028
7939254
4917857
858076
4609256
233567
345987
2146721
2475989
1634554
304032
1160073
1003251
4071354
3343049
1140539
413651
4523496
924568
1415346
1487744
1261274
2211474
5070305
2493133
280745
5580845
889472
5282221
8674234
1176516
1656084
535584
4445136
1762951
686519
835972
1115343
1634339
11181915
9312544
114043
1508575
625360
298576
4901888
848754
61157
1509221
1622786
4635332
6631610
3906958
8589374
1816045
9428817
2764221
1084870
460166
672429
944782
663943
593269
1616102
5117765
1012864
3243835
432947
915650
1867426
6265673
1342361
138141
3089158
4903879
2654529
8586530
449534
1567486
311031
2244031
3474081
5050632
1803464
469887
150219
10645
1683035
135238
3939046
4586213
2387389
7312058
4163625
2156684
663616
2158963
4584768
444711
854500
447985
861019
1633934
765950
1199860
2427944
3504827
1203217
68303
2479044
3234125
338224
2875320
1274910
814549
3390689
2392484
39634
1159616
10095577
604301
1185380
2621633
550745
884540
3789465
691879
794472
1098775
1148481
2441604
2355813
1204627
92627
4330155
59465
2014263
5048500
2393182
4848475
347552
2655617
2295805
2484932
1602174
2158504
1431848
1318791
2374212
522418
2678713
4157487
2045248
222311
10642379
9726390
2085650
310348
2330537
5897131
512417
2774616
1004722
12236
1874139
384065
36374
922356
320393
2474266
818068
665387
3410478
591764
3453980
701356
1082490
989474
7305108
48026
4089076
2479933
88155
387918
4276541
2188551
87336
5275290
628818
11786852
2905665
4796012
577354
1367532
5632911
1232928
1452760
976127
1793039
423330
3516100
307629
1690138
321416
904095
1646659
5299376
1523495
367718
3974720
441477
85863
1233787
2509822
7373914
953817
892680
4514912
2874798
2574348
3200567
6833775
1172170
38550
132837
1600853
722327
684894
984200
17906
657345
220255
2974487
4751284
92503
692231
3040179
2089757
5230376
1564486
155725
93091
757495
1110109
2129407
286394
3671472
4640957
750735
7578131
192984
2929893
2376389
523615
11644953
2322410
814192
1196292
4074792
2154420
1369181
2054092
409608
4383068
562307
78638
402440
1703473
6961541
1357426
3004101
3048980
268742
1513022
5515193
3599114
14011202
375720
7584555
4279848
10526
1237318
15110
929844
885004
116872
4755698
2799523
27579
1354361
230920
1797541
3706524
2292595
1586277
119819
3033790
212015
1026230
4853297
1408299
996044
5394754
1309681
641027
6541159
1120557
6095875
7712966
2120264
1710234
1666361
2019652
1157849
1244697
672989
2041249
891892
3623672
869263
2048660
3368031
526992
1742527
1547564
2185437
1685569
2482508
2768817
2771727
302602
6187350
3716155
4818068
1169534
681237
7811842
1416986
542712
13645397
2407638
166859
502712
2226384
3693829
865135
212162
1517056
3152374
1100072
8390620
1803981
4173227
1815799
338040
696322
3092751
1476454
1844579
1336453
2670131
112479
2383371
2245926
3516196
1375833
121021
10498414
919186
2403405
1424377
3823638
398093
862421
385241
255164
1784975
215756
2977458
118583
3151702
1267178
113179
1197037
1546494
664895
4494421
5635293
1785995
2136163
4944821
6825731
2190791
12752182
1123927
2327566
1862098
1355125
2786579
1958036
2674419
3145473
1474885
3960329
513517
563026
1439597
708414
472073
731358
4200690
440595
6624275
461539
652298
876024
1912438
763023
841140
2695930
1127353
2344112
4514238
1346657
3910622
1388115
1631368
1790193
559275
210628
1262121
5596076
8130
9665115
2381404
190580
7323
630172
569181
226429
6816038
2603331
3573696
2607888
855741
800226
7020878
5439765
44134
1095483
724817
725021
21757
3182746
404283
5570561
2307485
4108171
6377913
2198132
2283753
823790
964294
281742
537563
325001
2699372
480375
297801
5455667
1787891
6777945
822870
7296157
1030726
1187090
1623824
8529814
163536
343934
2888567
2412964
3210941
3000709
7872765
262461
673664
1151252
1111833
2419627
2427021
940340
4116947
1569261
2178737
1850187
282960
366066
294175
2084360
28421
1963521
307530
100234
849201
288912
2094574
2531325
1727412
3070968
4436843
459125
2889970
1190873
460869
1170403
4214255
6884459
2821844
1821716
3811237
40664
602286
2094474
447122
7595
8659037
288568
4301261
657033
6105854
116624
4239812
1654597
586192
902148
2544782
4732296
1959234
3147752
751789
1220685
45504
7187775
3166916
3779856
485087
1722562
1056352
2328176
924824
15135951
2696096
3812599
567784
992548
10957093
1114428
499509
658343
8472520
766818
646648
869826
818786
2003454
718958
66550
1004328
5246898
68659
45371
327216
216425
4744970
75085
2735039
100600
592696
2728119
1033557
798830
898604
1498914
3417926
751844
699238
2214816
4712302
4936682
714403
144904
4740063
343121
1515518
3813951
1226799
247072
2710883
2686226
1697451
1394483
3065987
1445024
924942
2118550
1829884
379285
5503814
2617267
152493
7174920
2582494
403597
699462
570980
158294
77194
680454
1547935
323082
6435288
3935152
333929
1345435
762989
3906379
463702
1516198
2711922
4884322
781580
145117
692871
3312111
886366
3131347
7697933
3038730
561513
462221
3578014
386752
25427
520382
1997522
1319650
3364975
1597385
517613
7625
2056877
270366
353354
221987
674720
1210969
1005084
430817
893754
2983695
178945
672145
1694457
2735009
2786642
1852103
254826
2180469
661312
1868046
1892296
1305840
919669
517236
11166626
1377277
2816808
1439382
1025318
33399
941034
616932
9927284
1121640
885203
160611
78527
2263268
913071
2736411
4189210
4380176
2894190
796519
5909385
1442995
667856
539211
890678
3574776
2517523
799628
5385072
4710040
1424428
1023125
241805
2630150
3880140
5257090
4277001
1566518
1741239
7255326
4032480
245741
3870129
932267
2284658
1059384
1193801
1091280
915274
1003241
716520
2484673
1597148
5879588
6082148
156298
333353
988894
5273306
1204146
1200295
737445
618579
1592926
7761468
742309
707123
3118565
329374
3911859
2442008
2423370
918362
8717940
1965931
3251004
593909
464740
2321959
1122315
4429848
1505440
659511
2278640
449704
2988353
1111791
2175374
1717904
957200
63450
356553
4165471
249277
306834
173331
2067627
6907077
587519
3921412
5947930
2233189
8472987
6306337
550202
1822627
3108946
381021
407071
530033
5141816
1314700
1334104
3029769
1696348
2421185
2046522
2270080
6221615
2059909
95861
3607638
4902387
1789345
677761
2986663
1148993
5702640
1675390
667206
3758582
433321
129292
1790848
3974467
1019318
333052
866946
505535
1168211
3198811
761258
1288799
525337
2779463
880103
4744676
3702570
3065894
3250383
3206305
791875
1944413
2357350
167432
6572058
1470468
2118666
3973630
7237025
4140296
440727
3547132
143646
1306613
119651
1972624
1894447
1472334
418567
2327565
1674236
3529816
5104573
4612858
782898
809941
2399947
202062
2708318
4647361
675884
342131
157591
579646
2517206
38866
1397286
1389268
149440
3132834
7134021
6373508
8266200
2085004
228454
1088638
792522
4578833
1025040
386012
481262
916260
956750
395194
1262636
4787927
4566561
1277920
3026809
1392239
1048159
783693
1602111
2102450
5542493
1484755
2260609
790420
26804
124210
4851943
4550317
2722827
63179
1962627
263581
1748264
728969
2080681
537260
2422319
3962551
5616737
565942
8472570
73643
2936858
932601
1442246
404215
2230964
9607198
5309451
1105
3483711
95861
3229354
1144601
199532
3269416
879378
1401281
2223582
2753983
66394
2580698
2231873
1384950
2186236
1762635
3696108
526050
1470390
2918902
3303860
1024204
546544
7180372
2582791
5622821
181884
2643307
802833
1019211
6619522
1455319
737567
570916
442231
866487
4996264
650501
9533408
5064499
678950
620479
723435
6148533
1423616
2093330
3873751
515503
926453
1569584
475312
194842
1223356
2958178
5454964
5838696
120637
2748399
9749591
2060277
2225666
5271181
1787889
1374385
3402789
863571
853226
1642195
151859
2606199
771914
3116774
953850
1588251
199241
1051491
1342565
699678
1684478
1248940
2585222
1990127
3358155
176165
58726
368399
1142172
1055036
370000
3246258
448457
1275968
1201766
1090473
5677392
1402755
1492027
2079685
2111818
3658019
691440
802609
1310831
2863393
820807
3332468
804773
2891569
3318443
4961376
229382
2619119
3361181
2819801
1250489
261361
5109188
269831
1900481
4178602
6518395
889879
3391582
1500774
3051199
2095023
397194
864608
7914763
166412
3525506
3342352
630518
5230711
650996
363536
1932954
599904
3741627
69395
885774
519782
3860836
1490661
16791
581073
1397512
3733269
1523727
110176
663189
2812962
1583395
3060112
52056
164220
6924648
2820881
2454239
1124446
676847
7647665
2501832
294142
5432759
2578992
269561
3192563
1087349
1373099
3201188
3332257
5674907
895235
604995
1713517
9249509
1011093
91676
3172632
1398098
5352920
6850369
868563
5985227
1051243
817714
5436989
278851
2174276
1235589
3103913
1418985
1021719
2519902
4437732
268701
2062810
268601
842047
162573
3724802
2671309
115714
721060
4527263
4677552
90842
3610157
2109719
1966550
984519
2751271
1914362
802405
15244
2182494
2200540
16554756
3680523
8615201
8924896
592202
104738
12121033
5984110
3630288
1427625
529143
5772840
690546
1391007
426490
3131055
184013
4657449
577904
3539576
617835
392190
191689
5819297
1683063
6448423
144991
3538130
1783835
3846315
1040978
31513
1729654
426988
527526
1036317
68906
4084305
4657194
3254168
2752880
8026062
21311
3763521
4922269
568152
1103183
2333990
4512084
445867
834881
883235
2645898
3367750
3311030
297004
833077
1126545
2702889
2279003
3307739
1159954
1277559
853799
3251449
1946565
4879679
225765
819628
2851323
3373321
