283103
854234
1420873
217253
1045304
695715
736415
208021
752376
664549
854271
316733
157165
1447234
1106021
368352
170630
832768
1503274
189951
6001
64099
164904
157596
1643200
51011
2233329
59899
96569
610414
116133
1713130
508269
490496
386204
52790
357310
969022
556513
59938
307693
283605
68642
83137
356350
778238
405765
2259483
680204
10740
852070
139693
9389
917486
352531
1367763
685449
1193404
133856
412519
1598004
409763
42930
348378
380898
616135
1919661
231760
5891
751187
132743
588606
28364
324876
332682
48623
305562
730944
3668
178847
186560
71879
938630
865118
1332243
304585
598309
305979
296039
770411
21794
634065
95625
328901
1082028
130556
1630706
28822
480025
1218075
405197
727634
552264
973145
716314
608305
511322
698350
327185
726707
212825
78512
94315
149746
98936
41109
559136
315704
255103
23155
364645
409362
257438
712747
885316
67630
83018
1110543
148855
533206
837001
28928
437837
3250
38139
17179
73687
261436
20630
1061304
1852471
246352
986309
125719
1388590
77514
194664
1085175
1514115
457820
317259
424346
785781
111451
876345
287776
94197
834453
138273
90995
1384072
1896859
328182
1130780
19270
484595
728784
63829
1838
273857
387201
15096
208764
1362023
358458
199353
436492
121487
161482
1345744
111538
51339
165228
1183373
1310250
628838
367805
476295
8798
1489055
678362
1371469
366130
13497
2121342
442836
645629
909720
381151
450752
16310
859961
468986
515641
774350
536597
829992
1805081
441491
87521
118251
1090410
1256832
459
334632
583609
440659
1675108
169503
282693
455177
139386
588578
132613
379233
1202196
738913
1050022
182835
8355
523629
247242
427116
229954
485306
388870
2199565
370846
544564
7206
322957
205814
736425
27000
290609
445227
1071725
389954
136111
1635620
197162
261709
523578
378653
260859
50700
297217
388135
1290997
1229804
271858
777617
230491
86651
17030
291617
619847
1082733
860266
877956
237663
125973
22433
201351
542670
941946
1615326
6846
1083281
378380
1471052
373336
147550
1535507
619088
166408
1846178
119863
751118
112
926411
469970
54110
473831
1602823
934947
365007
208925
167920
305890
142077
599792
104322
12879
889998
766096
58186
752280
6495
759275
316404
2578822
111462
673776
604120
213433
829659
399885
55467
219167
281703
603631
407951
324792
266936
37771
602859
1280769
257590
2583675
743417
250415
1436
1395981
793148
904722
384920
54684
1099872
250109
49063
361620
74765
297310
147261
432403
217218
68663
322807
2106558
1683982
16072
951272
46758
289974
415846
193559
720235
341539
1496968
336481
226600
384090
467674
642594
1046386
212883
613990
233442
745146
1625499
552983
228654
1360289
674749
1071436
2408991
166147
132755
1142190
435831
426684
720583
294547
239673
205773
113
2431347
273177
1060385
3169
567575
1440225
324386
1216257
51898
486451
87196
108451
295014
4609
401366
438704
1591192
161858
29573
372090
767211
436114
306010
128190
977930
1747316
1129651
5134
969776
1095351
199723
582665
480678
541325
456149
78786
202578
615956
1136872
291279
123167
501293
1200410
12606
210228
60725
474736
94387
189721
2033537
106520
152888
613473
935778
127795
559714
41388
86156
23868
106948
2032276
75414
290859
398776
588754
186112
1302743
199723
101594
673575
176975
446308
411796
1054802
1837115
10270
308722
235020
269673
2847145
1521410
628501
667723
922610
31430
11583
25408
1044382
789677
287994
2172982
464125
136412
239101
252007
521282
102343
467900
305099
284140
788713
685533
99651
304277
166753
66289
523865
668234
189878
284087
577081
728788
191331
227652
231219
1103590
451999
519718
325328
919533
124611
392780
84779
587851
128842
82621
574429
505371
2428373
570228
1334086
470184
465532
934854
53217
899786
342670
454974
468877
2049150
141839
640404
96626
1162171
869390
274260
715388
280082
190960
354584
534726
2113324
1434612
11308
1586938
1717159
344026
2003119
125383
64884
118991
744027
252540
905260
31426
513835
552975
316286
108612
810888
1266056
115875
90568
194412
801304
1852987
450384
723439
192974
563694
79138
314065
1460310
63363
915795
92776
792280
80584
47184
219122
66287
388898
123001
87249
385932
111696
852304
6655
290360
360113
1124239
1085832
278798
326442
138594
102135
539368
458118
231412
644656
54318
419243
383868
194515
924676
1097323
46537
759751
245043
142054
146786
459720
202749
366562
97299
9636
1158929
1386311
1099038
587996
1856792
598038
907930
62440
177833
190527
141723
868311
582067
515949
1689371
506695
144942
352267
1235125
2114557
631395
822090
169221
347719
372748
194060
256081
33315
51845
190414
599374
400078
1144274
482939
256473
8338
650972
1010766
592700
32165
202157
892819
572876
423055
65597
301410
796788
615663
51473
3354358
161800
41224
1062617
1564449
89231
59494
25772
330127
153738
213712
656169
297982
977070
178881
808044
261017
109239
182260
958777
35079
564614
720922
972968
1346435
394775
135106
598052
161717
2370670
376532
567550
1890685
357209
15664
677780
122665
77258
344227
160288
606764
680440
151323
152966
368330
464578
231721
700406
742409
460637
1007
218624
736292
364317
807290
815999
460912
172273
274456
332396
355818
242396
387045
288798
696327
532755
499275
60745
4329
632557
5030
992672
300097
457714
59240
1558896
311655
756
289120
469082
838127
1108675
279617
1797834
284087
272869
309192
1450203
167120
341776
542578
171448
695657
1200129
790010
2222718
658494
137697
9529
73215
308247
208857
65594
76685
733423
107384
120936
271914
405306
159113
331347
158931
292733
446424
1667540
210834
982741
2103
1421203
1655745
722010
159387
113312
12000
122261
229623
756239
1480802
1376490
419468
297017
1062825
64913
204340
48518
401987
283494
12152
555501
32260
339292
57652
83494
491619
565921
1133565
338775
1955184
2033008
70228
86850
1550225
109783
483794
62138
59926
1289072
1415989
351429
130374
1071676
886684
590602
320382
491469
264652
409675
71077
586080
1334493
1618679
579006
829520
393842
754769
887233
147121
574496
455637
707556
65566
62669
58035
2619
304028
288022
194346
95345
783949
105392
168209
573557
1091148
1832775
301519
191183
1230133
966293
414313
197433
72470
740552
19424
606819
553534
232566
1328
624218
14782
1605641
1443524
23203
1100373
190289
529282
987646
116782
120514
67453
107445
1814757
324733
217887
207068
47011
463763
62257
911913
93072
401931
41094
42431
11471
454362
1017534
60495
635431
771421
508628
98708
838753
491
321867
112242
392761
902659
1607561
675752
45440
334239
45839
926007
187747
95519
1113760
53011
666086
331355
507924
386240
158520
73327
374274
990452
30660
78999
303330
289994
301859
9857
399800
2737586
239102
117554
20083
162061
727034
403531
124355
110209
1053348
57568
89348
491728
55436
502893
571384
189164
479628
278026
1706248
556866
1060220
106782
308815
174156
311086
131679
21802
120082
560337
253636
1141179
75657
402895
84531
1055965
204567
518399
1386667
498339
416254
117730
275211
300810
846378
513847
559220
993235
1732229
2242355
199275
1612
956198
548267
920395
37818
241553
1310834
1492789
225028
318943
48291
591752
1047332
42590
137371
744468
507957
502264
626171
407287
124836
18008
461533
219900
314874
6284
168494
342393
676452
666809
265837
169371
301961
68407
102396
751985
990466
220296
216045
389886
669997
675091
721877
4597
41365
388148
31778
62952
394791
140387
164473
28591
531784
45165
752671
865864
1278500
545545
207378
185458
58264
1261472
311511
448906
164746
121007
287551
292124
328462
502963
1579093
409805
433540
95011
748450
246913
22833
720103
83173
619169
79556
225363
93580
320411
1727
467586
356022
30421
696074
115972
73174
220012
1047673
122563
421097
803364
371050
274652
832371
1164
538647
63055
32515
447079
2318220
310561
1612311
384719
805846
462450
208621
100197
927949
101354
1432751
224803
478643
21083
570685
155579
900159
2270393
439300
234421
344142
380441
148809
332929
794085
631103
45425
7195
56679
168835
355621
469537
651801
1066736
999342
584040
2295230
4787
204374
428494
28856
353165
1846975
1030064
170591
96740
292336
1112486
604893
173157
1048620
105641
32076
153037
66880
41858
206614
144999
449359
372570
869917
205401
391443
971051
212772
451030
225587
397223
815998
566083
143170
219208
61775
929053
1010819
910528
572371
944065
136125
982039
614818
276221
1519466
434791
1727800
1829116
4936
85365
181855
107530
992563
733874
307000
907950
117437
44
374496
551084
113358
200060
130572
172227
247916
423808
176461
550148
1025128
758424
752735
373220
488893
180916
549787
162344
116873
536004
373684
1005171
448663
853640
137915
540250
148628
182864
151157
596908
1321438
20153
1199837
412712
620796
256264
138697
7888
521784
803097
105397
962356
1189724
2182234
627185
1000984
76590
908592
1797448
426727
413806
69291
1320852
240941
681625
23277
1669989
502880
1386822
202145
105006
275
1142255
562590
122403
498722
43049
48636
35299
746246
815068
518162
25242
217869
211862
222593
217330
636983
438827
751466
230066
687304
31051
730830
544119
521911
748519
655958
1012231
761211
1031006
17061
50636
21508
912785
1276292
248264
1341844
529589
211693
27586
918953
117558
1475145
200555
299185
548988
386922
192877
1058976
19902
11527
508690
544413
718818
1271564
524346
198007
1853078
31958
104766
1355837
159403
107470
511843
317234
24170
90123
234822
933362
339335
9424
149516
380002
328611
384193
228593
579465
232321
574545
769201
1362766
959312
1014128
790953
2853729
605213
1154272
202950
666009
346147
98548
196596
164228
142209
26009
1544883
1343655
476271
1556122
935532
957448
1177607
37344
938611
533791
694848
317092
819147
446478
50197
163535
510465
190413
1254892
195797
16228
165945
1328726
1216211
653779
153082
1862126
1866177
489558
166998
1062465
113192
1689558
337161
1065017
252862
114189
92491
309954
304907
210226
72911
146951
619058
219199
68480
107539
448580
587422
88183
213787
377809
1168894
303852
1478883
806692
237994
1113251
459069
297032
103236
147598
49390
322554
451056
380562
691933
706220
329256
567898
785785
155164
64347
828438
553602
1907389
53225
505342
776710
387928
182186
881076
2548375
128010
849704
1171831
89966
361258
1055006
1725663
499424
667238
550472
538881
479692
69844
174997
124722
733212
320467
435160
1284328
166
966896
912793
2003126
602089
374933
1777172
163582
724741
176849
102862
84929
2703355
394894
286903
383224
824848
97205
165199
279211
260058
139673
689870
616863
809972
167287
400404
12276
21419
644158
55877
184529
756544
461745
244297
110312
495027
220154
163089
580357
36124
1415117
464715
430637
94024
534241
443498
519235
339289
122890
95724
403656
633766
316353
26973
578027
19564
376255
13352
337462
293140
230799
35430
1567258
159496
962888
1384493
2401
926630
772825
1029669
718380
944434
1494737
1509982
17462
6944
34957
15920
36
129543
843470
225627
772950
93422
428034
11830
566730
197388
324723
57414
208211
752533
132425
57881
194544
1421019
162552
564149
219824
261310
1678497
296779
162536
10004
59094
1004785
368702
71992
296298
550537
783630
634
286994
70349
872429
927309
356274
732088
812534
349955
133151
291595
509906
369042
132391
144026
838828
211434
1028
315335
1832
651344
627666
376046
628912
46427
443694
423336
555086
331818
197648
571990
796656
656985
177570
1545728
1381705
186674
201060
141275
916048
30584
415129
2019526
1169864
159720
245857
82583
769658
50709
876480
1050677
390615
1455480
60057
1653890
481602
886685
205553
995620
707242
79125
493233
1028674
284323
356058
106742
776173
174026
12299
4208
19068
156508
1036696
265465
2181364
517304
60294
815094
125635
589396
817848
206024
110604
274356
333046
377640
1167049
1390211
188406
36460
1076990
135014
722686
1538258
58008
809934
518890
108546
377381
109973
133125
108559
632532
3414356
324
596707
488881
64122
1091119
149735
69075
604332
323134
582914
96828
549296
199303
217789
135961
633939
1382340
119820
757567
260321
566788
1795421
78836
689576
123020
66062
1028289
322255
408108
641722
352810
624329
886961
143324
840203
163950
93941
4817
89505
495867
714979
427669
284642
1205344
60016
250840
255583
1559190
99602
262451
293579
395055
478808
352419
1029086
577255
785209
181099
654707
43661
311916
771954
408205
139902
2061194
248283
358236
258668
190006
1256567
1381423
405548
1607163
1873929
490080
299305
203118
71792
331281
33478
199605
546403
1961
17765
1226347
227373
22467
1765778
87505
6176
75203
644220
39297
206027
252300
801549
7916
1182714
338324
742973
423921
668331
1196955
26904
841336
141194
311848
1091218
290650
174230
559352
59221
724180
146557
282428
30197
407764
150130
259248
666749
559402
373266
69528
2527814
4121
50965
991015
118227
42702
102143
173315
336928
547569
1135225
346382
161802
714291
425057
123772
848975
195229
489991
311232
524398
478426
88599
627113
170197
702924
468426
405287
187483
552626
119045
387472
1579386
2491656
656722
114693
905870
257471
1283926
109716
819178
103019
219117
1012704
58307
123663
102434
446681
702792
962186
92457
154260
268523
318587
570732
20617
582557
125
930945
1401317
338148
65652
424882
489797
665045
109786
1047718
1458046
223818
1226353
869076
915540
88943
139214
1370855
538510
354191
171047
841510
1018783
172814
714362
1199068
402342
147405
485376
114490
224539
558127
269363
280551
309509
46422
645785
366115
323868
449578
1942602
1239576
108344
176811
414276
81473
196527
890224
152959
448488
69296
237104
260197
166128
135291
942280
291931
303987
409100
822864
1471593
263708
482687
1112297
334053
382025
521706
436950
695640
1081576
3117558
1214945
229549
610995
10173
345220
1493354
161324
185501
2230647
895858
624906
7646
553209
961740
168071
794862
480047
472003
973877
169939
422747
1391619
1665034
659098
27312
610937
646281
168805
567021
59438
1077816
265796
387106
249548
5
110749
1815924
486192
646924
334045
409189
268293
2170738
84848
260197
172664
543784
79686
43876
171870
2048815
950426
884108
254091
87053
59485
646304
153337
306893
941837
2082074
232076
176965
3538287
87095
337759
84841
416377
1127709
26253
657993
1070645
132238
202795
726222
440694
922577
278502
78192
418521
212457
184170
356177
410915
512879
2372847
752100
1666311
49655
1053359
174957
333157
82115
607633
9451
181743
65229
197403
665552
9031
251890
381663
585624
427301
515338
63343
150759
2089324
102512
16714
535641
65747
320771
62592
348504
562451
153129
1495260
629283
42347
40383
153182
98049
1212536
153791
37405
1278460
568348
449271
308251
747190
399753
1921454
473498
1348103
527429
662238
494899
1003981
32298
819807
1083058
1400732
734477
124082
318179
350850
2311498
242988
217122
593511
1034368
304761
821982
227694
760450
188662
45632
1000836
1516100
221453
1697593
107132
678976
1452612
270039
1384566
136873
877181
536488
30500
482391
161875
355544
257511
28118
577182
126266
519073
332216
918274
785272
291272
256589
391171
170821
943336
667198
16200
644980
886134
345422
65129
799554
43210
444555
34638
225030
686991
664519
312362
834588
195866
337149
760660
259001
112721
350374
75223
479390
1022750
34071
131449
41615
312138
228789
10490
273254
1186040
884948
655135
236454
165007
184649
22422
510079
1325060
1486428
1169002
49862
221019
338450
66215
538833
172966
5192
688319
54680
425049
443459
688523
464699
65659
78886
367932
1681591
206049
154234
53714
912308
234403
699683
147897
1379011
47898
851664
757619
857429
147652
20993
202602
198315
411115
407053
579458
628661
83950
1078315
110560
391554
1336373
1130511
634219
400720
346
412532
629309
777581
27987
1211892
25158
125778
472867
1147617
2431642
1288929
568079
231743
309255
1053424
610651
538541
280258
269426
2090407
495317
88898
169433
2239
745591
537102
413543
518951
499091
2032682
207499
123933
2366
528692
1464477
887850
1300434
3018011
25216
267419
212598
16386
799431
2823
280772
1948509
1410382
143220
446145
137317
49222
104353
219299
338379
484050
107787
1384777
137558
547828
520451
102183
499376
833808
1918374
720418
62096
352006
1048828
135065
99049
127048
1534934
752432
577895
828658
556758
189911
91104
936888
9198
1857164
1282928
609895
359579
19886
86309
726977
1299888
93870
928460
148618
3664
235455
126470
359491
96649
1232085
1150439
569435
814858
882878
429203
398766
212225
779225
136121
538508
108136
383720
24137
228910
282232
1371048
525869
811401
13675
86619
921437
147785
367948
1138417
122166
752986
599195
229326
446983
1388280
55022
301723
48092
989358
821111
655410
56629
118414
61976
121103
214361
22242
960500
633941
896018
388389
654288
980119
204740
206115
767671
114889
556871
227409
147488
83028
160990
1203971
58438
143787
1259786
221262
642460
324789
123105
226968
431282
1569195
276084
1815030
871388
546455
108724
495132
440303
1125539
12800
596808
175259
1284198
452755
498162
829542
849506
61039
775352
606488
208860
1590809
400738
507952
844381
1163068
623512
281327
500762
1082844
290298
646762
1226221
363970
642911
1049540
293068
429161
331010
1513665
1022739
1210802
204038
1059607
715394
122017
569386
60670
751308
622108
790379
285894
2104
1056157
909759
2214961
45517
481236
306879
918525
522331
592428
500877
330262
370325
426355
644430
34123
36796
26802
145201
898455
769795
308410
1050169
1809104
647080
670153
935935
1160568
99742
175553
63170
688233
65487
295361
168800
706975
191656
114728
479833
325815
313032
662707
659918
33129
105493
224770
978039
1185777
639628
398383
162461
375770
495888
142209
171249
167430
465122
815164
627887
317314
4166
176727
323114
37141
166098
57807
809017
629185
15751
647284
639922
1310527
903754
692587
10157
38718
62053
832268
382218
92689
597261
336766
518199
484266
789535
161713
166848
1274025
351705
333070
272428
286414
29545
282319
810693
2032106
77832
29316
892974
476397
3045313
729830
659555
592905
562969
247484
186463
986761
419807
482498
498763
31200
1798162
283567
375133
282864
56120
457601
229406
1202316
332532
136182
2164985
69693
119432
1119654
53810
101025
939991
366116
609781
494436
183332
329129
376026
223037
9180
759767
411694
1688651
251856
328569
874440
23953
399214
20134
71202
469926
17744
928668
26056
1094289
796744
166757
102954
46643
264785
52492
287366
362068
58886
705286
498797
813733
709159
824421
318914
7797
1093786
254228
132961
193636
1172104
131046
512276
2008497
1084110
154260
577037
43642
851
407095
164644
442831
615159
347665
241142
265238
313173
1166868
76526
109498
218168
426539
29725
1383519
1502923
617014
90255
113860
331890
304171
624418
496108
533728
117535
690776
67610
1780400
18171
263546
174878
58626
459070
158532
347571
412710
1037165
357842
203293
541230
436465
42959
502432
399555
10048
69335
34234
446947
278088
450956
34370
492710
39771
246765
71380
826285
35804
707594
23406
699001
1597154
397283
1104971
432117
230944
691221
29739
128304
1330474
800465
88693
66930
274047
247053
125105
762035
108979
2936
396365
516785
164912
237431
12223
119167
268649
1156483
416291
152784
94503
115837
147268
1950842
432064
187052
1061352
403946
480772
417000
471138
488710
666710
226596
475588
884604
36039
142192
465801
41398
103365
117457
337659
187320
329838
486752
179010
3702
2635948
167295
905858
1055293
10316
475304
12470
143234
430467
6266
527008
16958
251331
1225350
820000
138003
486765
1347375
784709
229127
1709230
400018
606875
170750
207136
158
41168
220055
13786
260232
673746
555258
597224
428306
666747
667936
1081599
1067060
1138513
2454
369721
19921
207669
1318357
580853
8056
28741
256802
15010
86040
397458
36000
796110
614765
186192
217218
1341908
454753
766272
519302
548359
1040658
359215
160140
12418
250869
503936
263794
83815
643874
195178
62034
38075
279225
156495
3064065
245033
696191
1013037
233674
464660
1310287
699708
1575369
1029331
290612
216410
605846
164980
1938725
39645
184088
197617
174729
257283
1183955
149188
221271
396410
434552
1138341
14156
1151955
311810
1026113
119960
1545855
95153
91414
591684
270
272297
1382629
1247684
548833
163818
182981
978331
430730
452879
1020067
1423713
264773
802605
55628
249835
519045
1157679
249849
56072
258335
131906
807500
144004
139
97632
196108
670637
152557
365308
24345
55861
83515
34103
137926
304454
289870
1238530
274054
1145071
610409
91863
846764
377948
225674
797132
1565532
517347
501956
328389
75269
363333
635934
41664
26295
180667
763742
14329
791602
455709
50519
191615
244276
292825
347243
635567
713099
228612
9686
1222890
1016890
801778
1314232
931914
1173051
76562
224934
406556
216728
102618
20715
177722
267092
569502
255140
502792
472690
851682
2763730
836753
24800
235469
27860
476492
772357
754053
500887
858108
192054
94402
174371
82477
390877
1225061
1473994
79807
275176
598154
399443
611876
222219
275640
411395
837963
456257
161790
1274381
1205650
986841
2365515
501794
591325
1737431
76466
666084
1025328
37654
754358
19997
1496022
2056356
171110
224013
265336
265084
79499
1434963
5855
465773
44241
1230957
132482
58009
1107000
414533
666358
178127
123176
13579
197805
184334
372264
349490
70169
151186
843396
50104
904622
1425983
111096
180648
371948
836799
475985
252920
263934
247484
10100
102404
457975
214039
198940
272130
281772
12498
244922
1072716
491100
366433
869555
174275
203658
144889
28794
17911
187023
15096
90083
9354
1003072
213792
251102
1147085
12256
299660
884565
1031868
123739
20736
557261
175555
455617
760057
862780
114553
59454
491551
1100965
265227
268967
29396
462950
1158109
398815
1087068
246828
405022
5245
290349
279218
454377
473607
1395423
568518
304656
757454
9992
239046
848995
335875
598119
110359
94277
161658
240198
287923
317597
446354
159611
253383
198650
882704
1051747
293657
296760
1255735
1807412
160367
69741
576921
661075
828730
364475
188923
2054777
645603
260708
212114
424609
193235
228306
292022
171336
400470
195654
383041
443240
742272
182267
139050
359898
742390
525575
36563
273628
317682
666853
75330
164587
479917
55118
123329
769649
553525
551254
713246
450448
510463
535762
118971
2017
94292
3578
139358
839722
444893
539916
157796
812946
94747
1640988
138975
295041
261321
294601
1645488
326950
319085
627585
2018402
67143
182336
430796
687203
88464
200736
18229
17011
175327
1257511
934449
73867
735142
1360343
404831
480280
206533
710628
69831
273094
312575
975419
703133
19051
219366
394624
1970
12862
208919
47399
128576
467927
72318
29732
477006
153652
21770
20774
530960
415854
1475640
1098612
123918
225906
1277021
555044
37905
256641
449262
403099
39548
110141
777005
858298
702148
652507
59458
7133
266002
278205
8006
402615
360287
435275
91367
1293030
198761
37927
741093
375826
1522611
51127
117962
177240
558654
28354
697333
140160
811157
105983
1250151
345793
508352
932843
445538
570494
121016
20830
630681
165927
199461
338453
513035
381466
1882404
564735
561915
124509
442380
8047
703761
177993
52240
75724
202057
441363
933073
149402
333003
1590
200180
15865
278218
399979
97996
492442
49778
260300
373482
3258475
473129
1140517
189938
1683797
315032
582217
65768
1462419
1009168
1014514
377777
739064
536215
8639
16953
3012584
691897
464132
451600
509071
201822
1119733
152541
290922
1328812
119823
990469
36700
106394
745154
1372709
676488
438132
24180
1008829
2162307
20402
712451
809953
588953
330074
1433276
338428
266925
273631
230514
307626
1996946
359320
16163
401655
63763
79829
226514
659494
290976
261274
640443
74396
404080
745145
478630
1344674
29588
303206
853304
92089
8365
159441
226234
1130386
184485
928230
49604
260460
338531
473111
742696
1693524
278766
1080640
230219
161588
473922
266666
524638
7010
222240
708469
463105
20833
453022
159697
1480911
172408
750784
373272
260707
171212
1123115
1025371
356923
806444
17141
180657
31925
1844976
88301
378018
284783
133179
1116522
150321
11522
447159
126944
831958
132432
148850
1516679
501663
788684
407899
637570
391211
395800
567948
935483
353033
577548
1020547
288174
645370
706209
15844
384600
192548
913600
868635
728204
218053
235792
163592
634212
313963
296703
150498
40474
263644
1275357
77819
26034
18264
286814
341011
303359
454961
346098
8883
124430
262875
684560
379819
142038
520755
7821
1094767
289308
299093
1964520
358232
995862
376573
588212
103001
215458
800910
1081180
441407
936793
74738
85621
1595018
350782
178827
171011
196629
105983
468557
317301
1654759
4547
8365
1743866
407825
1103250
312492
182273
618102
487471
432693
410973
990379
248744
363250
325710
297636
50390
155802
588052
177890
75767
201287
576048
1013949
136369
249969
133441
439022
632895
78357
1050809
350497
114752
128969
51383
665263
434797
73166
95025
56012
314779
183139
206258
1089531
286454
50249
459666
81607
374913
1626767
8149
188531
50266
904247
264533
957384
1700839
189631
287944
901357
104224
38347
120714
39157
1178555
653840
148665
650046
266298
110246
74334
1100257
417341
1175168
72225
1395610
227905
819094
338404
1457391
565980
637222
1375558
231685
418788
1713273
237874
1373396
188689
875967
381610
1100757
852390
1538
869832
20649
927264
494565
266524
147392
46739
650617
888684
1324507
765851
805373
461656
3036
269144
232979
366099
728088
681607
49633
1147825
70105
447050
395718
76423
394202
58962
225782
512820
248353
221121
5320
136899
133264
282315
571332
882392
140675
302579
1431524
135435
744234
1021130
178066
1564773
447997
71823
731688
596
429138
2257
101749
206792
265714
36116
1293810
1649522
3323
2346749
487485
1350824
296616
259838
348784
4317
634858
358052
196731
29241
484850
226555
219679
341588
1617979
266850
91760
1022599
220964
944370
167941
419065
1122893
20949
282377
236542
887099
708850
1024086
423505
377191
424055
125215
2469826
1243102
459429
92548
1073330
425317
151280
546352
1735717
568102
655978
817521
925514
1765130
764523
1206305
152725
261934
49203
92744
2461221
33811
294619
354525
439439
2294
193852
215742
39833
91819
908818
160086
582332
843375
1586224
132493
182218
1558734
851635
499099
366909
48088
590056
620168
58544
428201
45608
399177
118916
528260
1735383
515864
281927
356141
1019834
770
605305
7177
285258
611317
1433414
29671
325951
323212
138739
148936
292436
1165526
445462
131176
307902
579570
214026
19427
38269
887580
152440
157013
308358
444786
43424
479960
402530
371880
780559
1403766
315586
460768
20020
227505
467392
51065
180175
1283198
164621
31956
328450
168971
89086
371432
922419
603412
94488
555032
272551
92555
428442
132520
573527
177748
253494
684316
102030
295167
1170778
827208
376290
831899
70375
674435
596582
550285
563320
212226
277795
193348
319481
14787
472057
10616
326475
21526
157004
514651
318969
113959
737608
43285
841767
201277
262823
55979
251157
946231
322916
42851
870656
730604
1898453
807953
74971
891189
8411
74061
164033
1300900
329741
312356
199235
920811
1248261
1331672
889901
191370
74997
2170585
906940
2379
688947
62402
551534
784396
85054
595703
196475
34603
1377422
90848
574807
151369
292746
922241
309148
444760
482123
1778
1195987
29023
296403
336750
141289
520762
409522
645116
58717
193035
226643
29318
702253
448783
562649
737700
160226
536561
121020
619990
960079
371721
404138
142676
52373
517532
81979
357079
2568506
356643
518287
768281
1037568
313472
82097
2382192
530983
190560
690563
116590
965477
989373
481893
658937
107066
873313
77844
2788672
460403
62868
797334
183989
414092
498745
576447
1115577
871280
452579
322851
215164
138065
920039
433529
798434
325164
446310
1527101
217114
11275
629763
715551
824888
1843281
165172
1493757
760535
40315
474808
396155
138156
257976
198318
20456
209286
563504
141369
531995
14478
463
1134083
209659
185689
512338
197794
1083131
461039
1796836
861936
85604
50625
479869
12124
887684
475844
15286
204791
474149
187641
352260
564587
292156
136549
2685060
201168
1116772
114285
199456
14748
64498
635924
338113
462158
287153
361618
868651
952003
598944
173511
139928
54523
472027
1223057
746083
52942
474090
82023
766127
216456
19085
337452
919261
885966
461031
1390759
298365
675446
583530
505544
726206
435226
667295
479088
1050029
571485
533137
53259
1054296
358552
558
574024
62272
135570
1660593
118705
568624
339722
996359
88024
1358077
298283
870593
964520
55841
317318
605909
758914
238584
55771
344873
168590
68494
1354585
83248
283433
1186787
100213
199349
90664
204728
11984
1172400
575903
71436
251716
350078
1284573
407648
485504
844857
1240380
1231852
246491
445786
96895
90605
42386
859470
422223
726065
1044113
708976
442014
2268
32142
141637
54855
320139
165206
887841
559288
292902
1079966
159716
196871
447555
1482164
230182
860162
108281
382133
143914
838423
861863
72436
372347
253056
530531
21512
438458
527813
1516052
968334
1051114
15707
1320077
1146930
125352
336240
73008
846948
970823
156453
2320616
17831
809105
494476
271417
381055
1197
102285
292821
798780
1174592
429847
265869
14679
379242
953777
267308
1801726
762849
89582
466128
21409
146695
381049
343455
1482672
24102
711522
2852714
403953
423433
897669
36743
1102484
184161
79318
685036
293853
424819
1157048
524065
1175844
768141
1536761
302057
674318
885512
351364
414554
407826
99837
1457122
7588
419762
152256
708634
46368
435180
1359260
98784
275126
657679
9459
566958
830734
333234
1853
198797
1385698
177096
377247
1852194
1092766
12138
859264
2945
231125
998413
337988
19808
418178
240698
150371
146599
1219730
1218540
608670
732996
310889
203393
712421
471706
3300544
979210
35716
86406
1593070
931389
108528
223093
237527
1176093
309111
153961
64138
1444367
708127
1327803
461587
1351019
1506179
704175
161086
265265
9015
625705
294759
346866
1178867
131731
278681
37336
520418
1644507
442250
1063332
88673
239883
1164005
1500507
54158
994923
738024
58061
170333
238641
1308875
470085
1062675
1328201
83677
816006
1198366
60313
1305872
702224
323153
183654
279956
113450
1138073
51580
549450
1360177
1263725
844193
153721
621067
194908
340097
1956142
334073
958321
113182
1507732
373355
77365
254219
84121
407618
367927
220960
1259623
248393
24330
228717
200236
159252
1066467
378526
126641
27817
274463
969090
136008
188893
1154521
38898
1238852
356473
1482668
34004
298486
77054
18480
811447
59056
1927126
610697
428647
195302
265353
78068
435162
467806
654858
956838
207649
424021
36006
184546
2027336
272556
241711
455164
143743
614166
1200421
1986878
1375933
207034
17333
1601766
944210
205891
825821
1469289
410097
139839
849174
109093
448039
483859
282881
501484
25192
101124
466462
48214
1308617
1752201
267125
855772
240158
16673
447127
158449
511544
248935
695853
250358
1376222
176729
212445
53888
1130172
596002
781246
72219
446635
493287
203612
367371
1064543
319885
366845
280181
2059404
87755
234162
1049709
876378
16887
1584945
650875
1164291
227569
1383834
137060
256798
2906969
92668
658246
1162198
861737
2067583
1977896
284350
219486
1615469
805768
248720
417674
89776
88218
180485
11204
138343
590109
702142
2379041
541984
735150
289251
414223
778901
350493
294603
60393
272307
1518039
426064
1193792
46011
447192
1258863
672876
614050
423398
400856
234315
644867
1059457
154955
454874
126391
242474
2859
111560
437048
712830
158881
30243
1253827
517480
400503
396445
1460310
677224
1031907
652396
704752
2349703
289897
625350
561954
901963
136930
2028618
222198
545484
1355884
265635
542537
350163
661529
601632
112008
253474
535711
77558
647558
1803108
849429
42801
204064
22084
1411321
224472
22440
275802
276450
1171789
199815
120664
208180
1042716
1766722
161043
322513
433348
220267
135672
928570
257742
3634
213155
18001
340229
590073
65840
1072
100437
396080
47130
1466439
362673
2257874
589023
278613
102322
14907
199894
260638
215797
258934
171657
897476
2191160
378646
352533
52719
1021681
165603
88394
117746
975923
277045
380837
361809
524471
692574
163644
1027761
749870
188330
977163
780403
205346
1225181
176838
803387
35633
930850
1398303
117755
1200356
6874
156748
40365
325773
963875
275755
5460
86767
737415
170718
955757
279232
1288440
347650
27999
926223
330811
4591
489375
266276
816548
820452
184767
21814
1261866
38883
813003
809362
24940
488369
236199
401021
779589
51342
870758
380805
796072
107922
265917
391122
5627
271217
674553
386135
130217
388145
209026
660876
1529397
436320
865830
27938
58912
378874
86981
1134172
533998
730901
420243
656
134759
455355
331942
617267
137028
1096562
127854
197961
297392
1038759
61547
143085
1799418
470364
360807
92319
517712
32426
54244
301730
852046
372299
234
312802
552930
77776
384832
285036
372262
341363
1298319
32014
68585
408793
90936
5237
779665
426225
141501
260959
500867
445304
332964
27823
325519
1390158
104646
180993
835224
851337
393927
468428
104337
144484
867557
523053
1040792
332908
396027
121678
239632
182894
97894
74904
175355
868305
132961
1023355
85096
1084722
128486
436996
658547
149841
50839
148475
291208
2068795
213153
1167860
15116
257780
224475
1174392
929560
54228
36884
315831
484569
100583
1052319
419540
538743
302806
55633
228521
323146
15632
100057
257317
1434886
500145
491854
73342
192928
103768
23436
471373
356400
446916
1033777
789441
297804
138796
534505
572983
728204
1023312
52859
68732
10327
1352222
747628
258193
28093
382410
106811
202004
648181
982288
21989
1362055
1178552
115792
1610302
423729
312007
517984
136062
85323
87721
163519
1484031
1221271
41121
54612
1948758
116934
574113
780689
1631054
319743
481634
2618622
2043315
271452
304382
538763
320403
48304
1072972
713557
404188
143480
165290
440638
1249255
640570
143932
729404
828592
740172
716142
514643
44459
246801
225642
340206
116807
1053210
261096
631028
129017
241603
106028
944098
194101
409317
487416
734728
1081709
77648
364810
182464
226189
627233
218152
1048578
367677
1265661
94760
14554
80763
334867
707343
439756
49098
45928
596556
300334
297531
55321
313206
360749
2759542
138261
47915
1131279
133516
56432
192122
359320
32166
496453
150805
138953
558696
139959
484762
1149631
646799
186831
567896
208504
525080
634505
2356169
634356
952692
460344
12326
2018635
76844
194088
94028
936523
224625
1526886
1773538
300996
1446974
76131
48712
8095
194694
356832
5917
916986
6084
844463
32622
691724
443342
11062
255249
80335
340456
851807
1229278
99704
696075
396540
194187
432489
808002
296255
4653
285314
86313
40750
121827
630673
434853
137263
148678
1439248
542602
197066
1200897
224
343728
313781
1345936
307261
237234
561590
111521
905346
47972
720934
808068
688320
376862
290507
493114
17207
21394
320010
104697
5762
149357
1859039
571385
75654
308910
135386
96352
1377435
319442
662014
1902582
6632
43389
789708
653957
241154
25278
372016
337561
730301
754976
128699
370125
122306
834205
1730449
489025
1124369
181956
304556
499244
62052
51673
1317540
170087
16086
653189
1349650
74188
186846
561653
204899
932013
6468
1534873
29456
538265
979716
119486
245663
23828
1268252
464480
194934
273986
1005353
1079537
3391806
314294
60547
1179785
362629
271307
1521360
546822
420893
299649
655664
1037484
426319
19668
747109
1186661
55364
814002
135481
464430
1770931
54974
1160881
180934
74305
837426
369741
1427369
705110
347122
833657
2531033
173623
363358
1084171
34201
771842
859938
2027221
286099
191118
738707
533334
76148
774878
1001982
264671
206204
42372
6135
256799
118163
84872
295641
303000
37944
155731
590410
978962
10045
156819
278060
54628
578576
10554
971210
17585
1079397
501031
617704
516108
811975
216858
509007
323258
179497
1642249
574421
245335
728521
495467
129466
1055997
96341
793750
212598
1089476
1168345
355798
164946
360625
331688
474024
71234
327477
636385
99386
105549
310562
262443
86694
174729
682537
247087
228320
131101
308505
506016
267462
562340
70112
128384
866946
1992902
181347
81732
317229
157890
471185
1582070
276860
18918
604162
1262868
72930
688202
244944
92247
1974041
258380
541118
42484
261144
25719
626191
59986
409595
465678
511434
6946
590051
189659
344513
556987
3504
756951
938550
604610
659853
476237
982527
277834
107240
339026
736465
548132
69586
178258
541044
1413811
453715
814492
571675
37915
802055
48258
3129
423389
9318
732202
448651
166702
258564
1260195
613084
895325
256900
267365
46548
127860
11903
285469
429997
316217
57346
29365
292252
447578
340462
107454
334986
1023843
569691
731043
204868
1510472
2451
419478
378954
322649
717276
336115
97198
633145
614809
391035
375664
46806
82909
447157
1322781
203504
70925
873649
497465
1381610
441936
3583
649061
422915
399145
886639
2612828
82705
89400
299718
13104
2085540
170454
1210355
1366032
415958
771229
560208
1216849
1254526
762097
573432
430092
1202128
462673
735244
730753
237506
77665
431610
518799
1846472
102395
1224627
27389
14649
439630
340519
300234
381163
380655
208109
517155
575
571088
708056
276003
343298
149970
62547
443074
741214
68876
603775
628241
271122
617348
1139648
52760
753982
165639
454581
1123723
520714
499323
821342
247735
142046
332913
230195
18425
677087
79702
356412
133991
863774
1014867
204667
123840
75855
368047
104121
16859
685492
248373
351418
317044
497132
58839
302513
392585
224383
599927
756365
245103
255020
212924
427032
114815
544314
650520
19063
1805739
62624
369539
940069
2160871
161998
321502
37263
380407
315840
801046
513019
397701
345901
500652
459190
118349
477752
83820
86811
149188
1053829
982251
836167
568706
134233
1021552
662693
377094
179215
942860
156484
794421
277190
460984
610335
691731
1397995
2503861
342717
785499
320072
1660053
339238
16035
359460
189955
1064513
1309096
445851
886642
298300
1431959
99647
955881
421445
653018
726010
273233
141278
953871
297096
905605
677061
448881
220605
429991
59377
750943
560878
181419
204252
696729
92771
2054536
4286
266204
1220568
205735
365683
1167586
1351293
142027
619501
321117
24615
489264
579693
9012
190441
563910
239408
806276
177011
58160
116606
906266
699120
89547
627130
114904
420710
489119
354540
414577
388890
1002922
405449
899777
189727
660471
1375281
2152970
500420
5147
1014527
254184
478237
1649088
630350
492528
35061
428453
295686
749361
710397
78715
2366987
206076
785718
761011
537451
641116
646803
236976
273399
151126
423361
1492179
477294
88748
2178023
610709
61642
1314527
1274686
1158886
237722
1313833
420481
283446
15649
381157
196166
112887
244107
762003
387378
2597343
1694316
3736657
63660
1068926
144415
103607
815335
589727
411310
642151
313783
186245
118888
309880
450148
572036
96832
685377
76992
617876
1282323
791799
1512421
927416
217864
678203
285902
133887
511519
732597
11270
1019800
420924
88665
145091
150391
410824
1296397
129713
367910
1175787
146263
19425
188119
160889
2207574
22346
763695
61266
652818
56995
229503
281279
111759
661465
338480
1004132
649129
1517189
475104
932923
80966
539325
74369
420906
20745
749852
762501
437309
318598
806605
108115
214722
1552107
320145
299
1357814
868238
376707
165749
757095
1053123
276766
335620
292290
1258578
706191
322116
329379
489175
1183932
804345
36942
1072707
602251
250286
68772
600981
38132
728881
370963
717062
1015588
280327
522533
1667908
121394
692822
572102
1067450
55653
1970
45008
7331
173603
260237
117733
694418
1145138
394011
119695
123582
711258
412588
1416005
1182269
241650
96769
416597
969626
1179785
387462
83183
412914
1717080
7152
474583
238007
95841
7253
269021
647964
1202409
15254
320018
555309
1668184
37035
983420
26593
663532
295101
1771329
329395
423924
213649
131371
291604
617866
706921
701591
432981
167365
497345
1002458
48410
221657
344743
31028
635754
616528
61525
154794
62136
74193
675455
1378252
140428
442668
24195
784566
1507346
593571
435487
1955
1551791
920287
886015
1051
36154
615311
200217
519943
62605
408508
448318
77272
937810
620449
1590178
282158
608613
82186
20521
177906
1471267
782846
445057
745739
837791
1340069
22335
461925
27215
420876
44942
311705
160044
1253763
1089008
721959
23877
691950
575268
511617
693682
539779
329980
917221
1668907
9838
2061822
307957
664923
84325
420121
628976
346653
276845
387351
40466
2261083
2760406
644754
413472
1686673
435532
2208604
235937
15227
1258062
1098782
219579
1427910
231855
1503501
872208
1316259
234165
1336201
440403
231305
2214421
447370
550284
747120
73248
1140030
40992
78849
294624
70831
306692
225096
593838
358582
864241
3052948
1253531
77716
100551
777539
1224690
1172259
377993
790058
1056405
593653
487766
263265
120473
126847
156783
1714729
1232866
365158
842037
329114
558317
157893
57880
786616
973606
107186
300174
1505316
328258
152996
315550
565057
433941
1544
488180
1102334
544224
5781
295603
190095
305238
3921
1211988
664398
178859
211383
1274769
292183
531380
67798
39356
379327
420513
256275
762895
446593
335171
830114
408358
950261
155164
75055
553001
159765
211742
75091
8
42250
1268772
530713
1552334
644440
1662476
202715
264885
73505
41412
862101
405379
453772
1163728
794250
757116
174647
106622
396071
275762
1115285
370880
819343
249656
1339641
849859
36250
77218
330390
127591
226056
860451
12550
77141
501010
90457
41083
277945
1910561
242842
619838
24465
523456
1153922
650242
345529
61314
782284
1881406
313236
144597
148729
934274
167525
1194949
635527
475954
368725
837457
88782
223268
539791
86050
451830
2190645
166638
1897672
87478
54573
1841067
116514
317159
782799
11143
223527
42752
1027486
953160
39130
236733
531672
806811
546229
146246
1338250
1016344
1120653
1218534
479356
850451
402162
448863
28156
617906
815600
464491
159481
1207768
379619
309357
417579
1334829
1043607
339918
962550
96540
302411
166244
472629
180594
89845
170185
259160
317855
1406983
248344
140596
1053446
16922
283486
225691
399808
678584
576185
2632569
334972
320914
508428
665800
750798
568822
1290686
822472
594295
28835
244391
425620
289193
536648
396542
251168
1383643
238270
635903
326660
884100
1467587
669883
17307
918492
1123080
488648
332583
1302980
470190
1147606
134614
528071
582605
212560
931372
134064
2281522
89229
586657
116977
414018
736340
238046
57831
338793
906041
1211425
9875
93124
116455
296399
196368
810593
29070
4633
12290
825977
230118
673498
519043
57524
611574
625188
529004
66383
711696
170620
484169
275464
1044352
28105
193878
920263
153997
155581
1061775
90586
262525
219235
195263
559708
195878
145257
333815
501805
25883
1882206
107429
359974
6822
1011599
321750
330387
913301
10666
1822056
1185361
501271
236529
202134
682557
30876
738115
347600
73356
28242
268797
112413
1540146
219853
1114440
817251
19799
481191
4002
531630
756
346225
23910
1177090
904020
839885
241650
330511
15556
87585
347061
9906
276230
100804
1345014
247622
32186
1127468
283871
636703
461763
35642
964193
282203
616029
230765
5084
1315231
662432
34976
5698
1957927
364239
648202
408611
93737
176130
1590527
581004
302862
734133
243610
616946
170239
197691
174340
2085
671365
38440
288735
394873
1484997
1537725
173284
448653
254973
419991
4481
690332
136828
606413
642
215346
608065
541072
590755
434828
217242
1063083
582426
371308
1064501
252745
75658
15100
266387
269905
530853
159
482010
1082341
101505
42617
566549
1098741
132556
1702432
245491
445547
220115
254852
1079798
672298
250092
11954
47124
61473
221246
519008
381473
423002
305327
541001
192362
186931
664558
1421471
179212
149675
369941
186627
767383
90894
557785
21175
913247
47029
93692
48310
91639
536732
1812169
583922
107650
18984
162519
487288
648003
560887
159024
599461
160073
357453
14217
42631
151031
905156
616336
108498
19833
19932
9747
620121
224970
294846
449573
207360
169049
95667
315611
22650
187578
558585
267007
108103
289273
1404755
15837
104679
514020
116357
438274
425628
21431
899209
220242
143625
3971557
569153
639557
233202
644687
897020
353322
698282
694388
706398
286714
700970
277733
354924
142367
1971018
220709
591987
46731
1739035
65794
411232
270856
837584
28674
179795
100109
81438
914579
1944186
562256
226564
515240
554484
570576
67713
47831
350333
165209
716869
37524
280128
1054962
63962
570636
129270
632474
665632
369413
209159
429894
313542
597162
679092
104963
720552
45110
1051018
468756
1824376
541429
650043
186624
27361
1782072
550920
408476
1267871
203773
30700
492287
1343351
343505
294274
213434
91551
519071
116744
248183
855021
642152
26313
330070
335442
226953
240281
245187
92151
546026
1452068
162175
120605
29531
295819
516874
908608
319588
154968
43953
403716
646650
77160
644856
564664
129872
72686
166629
510519
688650
1323265
457815
98921
605948
16260
17444
136186
437803
414604
6737
85352
437133
613591
919128
375917
10732
101783
463658
67246
368621
31048
257181
48190
172901
254669
1325291
758450
231919
783049
84916
295538
194346
529999
291437
291969
586267
214755
85343
125228
146543
12807
1213803
600629
182428
192882
109436
189772
1339139
588769
109564
1447636
210373
6324
309359
895863
178097
164611
291656
1197090
1391820
1219880
213066
55566
2092591
45466
1023611
772667
119294
1304486
1856467
350018
286672
761373
857439
907925
105215
340188
1372992
444438
200394
245625
98657
527813
610088
387164
156250
6744
1430644
589318
353458
313859
241673
12620
255835
1206487
30142
166004
1381830
67911
770442
79884
522301
530482
8129
213960
134133
100487
456951
324332
1606826
524447
316986
124910
302007
1672635
250749
486795
609691
194638
882044
922839
802475
182454
363954
290877
141790
648591
1420551
418843
347043
99681
5322
468341
265541
77489
316438
247657
432926
64958
1367142
243819
1213662
304318
1605415
38930
356841
63160
223490
114708
225035
288463
163359
116533
392852
766711
87051
191082
410233
133949
903395
568340
292182
312161
183752
121636
523984
184754
666610
150090
345914
742184
1725242
117540
890936
125389
31284
1131661
2678916
54431
364852
898225
902195
348589
198813
827206
195815
266433
340236
967472
1406335
1431583
720798
170307
614872
108628
234305
310580
222501
521721
230378
2012756
1087564
122922
1037719
175168
441837
648588
106588
253439
600936
76628
55679
673751
95550
527164
423630
245629
415225
165843
198399
133627
149902
46445
649840
102971
332439
691580
85025
1797780
528334
859355
647570
79886
482368
1228202
499195
766070
125758
57644
908577
20160
1191657
277109
528529
2290491
406315
441665
48965
319197
226729
129852
642257
116825
1034759
959991
812918
745430
471641
1348928
82498
645008
187735
629277
46228
296784
75086
51115
593295
257198
466499
119765
875701
1233891
232138
579266
363159
365643
1653216
45764
838636
2185239
112198
450643
600729
1265720
335011
1477817
6441
406969
153003
543061
87757
86229
15215
165486
190911
734637
1821148
807374
210720
477023
385479
645855
653360
342038
846738
309479
458370
308118
497227
584211
705560
221184
598299
496683
607824
162289
93769
15712
530068
256379
206517
419931
637381
517680
1373053
135556
1143546
601842
1194844
731336
372541
171224
10056
178303
1694458
1388880
897406
1087193
187647
445091
407590
2599
843201
459435
117049
77801
1865084
184834
318480
1140049
15415
495840
300330
77664
260910
921472
947325
656703
1716188
374695
253633
60384
1144520
63412
79292
927676
134989
154395
507880
2214110
93859
63155
24858
59769
102523
467632
4100
64593
29708
171338
131068
1047951
69815
72158
175532
1845645
1034973
17619
163263
106257
644867
876265
1457448
133689
896087
511789
291571
196767
974784
141474
661931
743237
122801
14359
307649
455434
1388171
72823
36039
1331251
1650743
47132
94672
231367
737058
17933
136271
565537
802956
234503
119282
159445
194537
7729
454458
186294
739088
444069
258739
1670475
211385
59176
111009
12746
193822
206173
9237
122676
1940
20765
252253
208318
67017
1575745
150993
864126
681978
217933
227973
299979
98962
66956
1230164
254726
1020174
133381
56406
906707
553886
81271
137498
2101616
131104
2276769
507617
74195
269926
1129137
5025
55466
571529
30746
83943
250963
1755383
804446
2244001
1038442
284237
231567
321520
311905
585929
1820068
96383
956524
101774
1309389
498136
359931
1551915
113675
505448
561153
238109
643035
223385
1528329
234122
567240
827901
388269
159303
206247
129304
210609
58748
121909
979665
487877
753996
73983
1032181
1544192
58546
264576
121312
81670
266822
198499
3129831
264327
557430
970509
559463
468404
593418
63169
857111
1785720
321803
61242
311647
169163
74065
532965
33487
789916
542551
102654
650700
65457
500933
30329
266329
1634949
268817
69365
589537
1430991
168503
64335
380283
1340748
188311
645393
65541
172397
252435
168740
252619
623506
2032073
63023
482837
292689
749919
559810
408677
541382
231181
364614
471863
14420
1057108
89356
178379
304388
38801
557556
196451
756328
7622
1069385
98212
493211
839211
686707
457435
30937
406161
89040
67301
585916
28897
46050
1010727
2283316
296875
56675
267591
403854
37138
299445
331385
183822
954787
314541
230763
434780
581322
122553
58265
714176
875320
142181
249345
166921
83952
82657
671885
774708
2235521
380164
207154
76520
43895
237344
48493
264237
2504898
1222330
280331
680771
667828
524187
114362
2080271
1427516
1507123
682924
1737476
556916
295975
117480
293516
434941
121975
27332
1932774
1546188
45017
387714
848114
52791
604468
813900
1792850
1910982
14161
774690
506081
891427
2949994
278732
551876
848440
349195
666848
111931
1436535
371706
676220
1475416
155025
175160
204886
338181
422041
704551
213680
1616
656527
209176
750270
92011
1911423
660889
800265
76005
939118
650009
735263
415301
136192
203235
469082
314615
285012
1150985
702461
500530
72291
387084
842517
504536
92674
146279
601949
382317
1219660
34005
75004
88494
1441646
291652
506177
162381
8747
725708
544243
384143
571854
274602
738500
605602
171292
226394
463620
185313
580188
375608
139655
472532
666090
854990
650114
437317
433620
20037
201413
77536
793433
562908
144596
449059
537143
22551
217891
175592
51620
1062820
531931
208399
593828
275671
197286
2104312
17314
175561
939406
1178288
167881
456342
416436
272000
66167
43004
456515
13788
287974
573400
157242
309644
180743
1712501
341363
131622
1065992
1248069
66865
61636
588930
107587
528171
587243
233019
55496
1046449
50303
119043
429654
979744
25544
1116635
318971
1142594
2121247
101815
495692
269678
652016
863204
409496
1759703
363934
289142
77416
356531
607021
30571
44293
268109
3390888
145233
688382
159674
44253
287467
1175996
759299
67825
90668
163885
68050
29379
574131
604979
9106
151587
354644
84366
887
32902
549607
52803
133962
128417
249719
406394
131522
24524
138228
453985
533370
979588
160695
946354
79265
458164
22791
309612
1058349
115567
33017
257955
725677
912408
646032
788947
70543
285679
303280
700883
495985
1126239
302527
1290488
779599
617933
840084
292760
38404
2504957
103345
462304
198523
263208
73890
618954
424863
4710
330367
25850
1412168
251552
1264726
174010
148872
369590
594167
245579
428918
178340
60305
408801
643810
540222
558359
134956
315220
440368
367321
262115
1166637
201261
87419
695025
938291
29387
352295
560998
55095
271582
245727
23019
125567
620397
529756
475517
37794
387275
411490
987150
93327
978097
570114
319189
772056
23155
479833
918944
60164
408834
879832
88029
100960
389392
123781
22506
38437
145016
338088
339134
539031
121044
156879
309637
290315
1389396
1170861
1416707
84411
183693
2922599
548985
167547
785949
317536
487009
510243
396635
345509
86500
3880
1632278
168135
1338353
114311
344507
134368
284299
1113708
283548
94784
142749
99089
368198
588297
359585
137961
1376530
920115
199324
2462959
292812
271453
2314973
1810
454588
318350
106167
675535
140850
440761
144834
488837
119375
1355757
6641
42192
99437
81702
1663112
711697
3738368
168596
1875809
151967
95198
18777
822706
1247983
81070
241192
1179083
68500
450935
219896
1843844
723550
26774
774628
70192
49406
1044208
290130
197105
102446
544042
162840
419692
17152
1633093
601321
293422
244062
227905
737311
511785
41209
594986
111789
732827
1501187
88514
193116
154775
3395458
343483
87443
383748
320829
31322
616292
498293
303986
415838
313588
652398
559535
3466
75238
544535
1786015
68024
2239660
116775
241454
320038
205509
244618
298721
98794
256157
2164845
1898908
216370
198124
1069513
953785
1239679
388491
342487
110513
705537
145349
241124
153501
201492
92169
3743864
1112019
31055
430614
613629
85808
682074
116061
57262
1791627
795292
701168
302085
110568
83831
770718
385393
8580
964390
752874
613627
938538
97194
618207
163566
306298
439118
127383
123696
248481
23520
325510
228629
1167346
106826
444166
38795
415683
268981
125269
43277
681850
225801
131758
42326
17431
213582
646176
1081108
428737
487022
94920
19945
1026380
111114
527022
637908
486488
423041
1500381
126670
610021
280726
184656
2360092
114929
271554
363767
221444
225571
727585
1683042
529397
523942
443987
1820856
258048
1131671
45341
132097
1424148
117240
267229
748933
337771
547963
299350
91089
147904
718466
290280
149300
203375
112679
274248
710569
652248
254437
730900
131265
228385
1410818
344916
194907
926421
652997
57802
580378
107269
518419
25454
1097988
849123
210279
809970
27368
181620
2365326
277452
468257
1628424
1323383
36453
560233
184860
212892
947626
63221
168182
142022
509389
936316
374681
230978
53494
78882
359706
352519
424742
234442
883240
52884
91556
127994
866582
738886
634311
204196
469337
788845
432453
699158
27647
1002730
194950
2104649
878511
134681
392757
1070729
518850
340630
918085
1821
79277
648118
117792
39047
442009
109978
454428
928149
58618
42765
102628
755272
61022
38822
272337
1350097
737920
1464310
1897812
611430
649897
66239
1644999
611732
129398
225014
415317
68487
653914
433847
150719
7197
965243
1124603
1895
364192
13750
231621
808666
294744
550534
319151
173716
551424
569917
312681
182705
35643
426917
2088117
813928
57691
28229
692678
1425545
172793
26325
182863
122643
170654
120196
529267
12176
548332
632714
58678
64136
358021
607834
190572
1638667
474168
302601
94135
79033
827715
998179
229476
621962
149909
32917
713218
735817
335440
938173
124889
800719
257133
254380
40496
611023
108987
48637
235242
92962
388399
405179
863705
47847
386318
1434004
1056
1633448
1330276
1113
716032
1881586
408001
853115
2437610
314718
14793
569262
205072
1124501
1005139
20107
505657
38373
209994
2357676
41632
726811
482309
726330
137521
282824
813953
63743
715988
3659
664370
129907
224349
6
158817
394711
784368
42858
339374
172303
55772
443551
593853
1814107
67826
209973
613829
1169636
79906
1791250
105011
590203
473417
1276996
765331
236926
21933
711159
540482
42850
380268
363071
478072
1216387
41253
242729
240317
242831
631894
1222585
342880
1239714
1775627
1259537
185302
1241635
133711
99449
284287
116561
47363
258795
346258
531761
678941
298995
672432
674414
426216
624524
766474
517034
772357
116889
425242
1101533
607035
1309825
358930
75023
233559
395435
505558
1481834
156342
144447
294179
899331
30849
86446
189130
503871
354523
33648
74371
10627
646411
535477
102850
722639
724723
97832
628416
444829
614903
289516
584404
337544
1156979
2815121
175528
5800
1840734
110767
2063161
548507
94675
920596
614844
44306
1660218
544233
41854
479542
251548
439823
76742
843433
541295
394826
63550
1924148
167830
12922
478460
8378
334403
368915
277518
2712
58541
181515
1287425
249190
542872
1105307
499761
1479125
727487
1487608
49282
201353
382551
147859
22451
783122
956615
157088
49085
2097480
200510
918765
422425
422032
698065
358070
639787
71979
195769
478069
92784
109056
136720
115901
159190
835776
138661
29907
529487
111332
1098198
648444
25969
1146512
741713
175340
179099
764799
2659203
164947
654555
914102
383170
33376
474613
269466
981755
95721
339144
390870
241735
404899
672415
1051421
533446
748730
1607286
97005
1553649
116085
1402692
758258
1871437
64477
569647
157810
863039
305101
1877425
554906
68496
133740
118102
783213
153586
1248609
262647
959668
1116699
593126
93681
19832
444143
36160
401543
1428679
1208300
659169
1248092
43683
199736
656709
301723
539936
1064624
784440
372259
967288
13124
145346
720630
324745
661354
440552
1269267
1025269
358824
486952
1226410
762101
265586
532741
597080
364904
174953
716434
743313
95460
1346038
486320
364415
1764305
194104
349546
1236430
1510105
1225799
260534
359756
251422
554213
367082
384010
620422
243456
154908
260135
68501
392556
75036
376135
383670
1132716
727288
126972
5054
405803
237678
920875
53113
147677
1038349
677423
148987
415584
486394
843929
181098
2766
148630
525644
525821
259625
482363
76610
310167
619084
1517797
219880
739895
83582
123645
259971
541198
22582
180316
568251
464906
1336064
386091
534042
129040
1100272
864941
9901
704716
75877
1260885
163544
703464
1663539
57875
596305
28473
207265
124575
308531
908869
639533
291327
689811
189847
276778
581553
95776
16497
65526
1065067
32862
334366
78807
1484895
663397
136791
473168
450289
243695
3767520
973370
1225276
1056488
1093284
22509
592546
570644
1017070
772674
617769
157862
267011
528316
312305
116662
159952
19707
776443
760043
243802
275624
264432
208784
220274
1616686
609018
223042
703999
599564
1012281
1207141
452085
904972
474487
162010
149890
9541
1748810
441839
375404
369172
572458
95253
518256
182535
100359
136071
44778
226154
1023183
102273
722395
41911
854416
506827
1090405
141070
647564
105267
36936
327240
1310770
449495
226634
247146
362454
430525
147703
221801
1515621
134075
157190
44547
641922
1854434
221035
274292
562254
530777
147083
37223
48876
1150517
432355
255517
301409
576240
518
408433
311632
209024
482017
8993
505078
233518
985528
942418
198961
736451
124061
1331625
66394
1383456
545325
577032
126867
142495
836822
273043
1195039
249778
389905
5347
1972131
180541
79765
693191
102699
285563
1915783
354893
310114
446339
185568
226554
915
72115
218277
428133
243671
1572009
108329
478120
1581164
590932
473758
111549
152491
43654
218273
1092319
376684
366578
104947
1195620
43217
734644
1384321
1047071
2016
1094072
138692
161545
315662
430631
1083668
1477056
303254
398607
1592042
454318
72947
1250900
55443
163056
367988
218400
693370
1584079
293787
2408405
299538
289747
317259
1081773
348524
393704
746614
93498
173774
473356
1201572
934204
30000
907494
149300
114180
238490
131271
13562
1013559
287417
95435
423681
996123
315495
473247
410879
311466
223377
536795
787
61450
15091
533326
2697132
682354
326800
1154626
540628
33809
2694466
223122
884695
993631
1259445
771845
1606488
535184
1546249
469794
727151
376346
111414
254155
792796
550085
359835
1945077
1154302
306823
174261
1363674
329440
281448
1199997
643343
298369
395796
698203
763541
822614
509560
175275
119913
644708
1024259
735012
510776
110592
572372
1241355
295108
595037
634651
446474
174940
37696
727625
158543
1071209
84883
564605
968156
759169
63023
129854
363178
201846
418144
258027
98859
698495
405754
1404314
182055
1575028
195723
305328
394581
21593
340807
602381
56864
776587
133844
679198
1210109
127731
744021
258144
93280
508056
348651
381994
270147
561669
47099
387433
191872
868308
602578
2757484
161188
11461
324645
576026
36305
418948
1119751
788183
839314
186374
438643
226525
2477654
833839
1429762
1066740
1531787
2062244
149352
563348
444554
236647
80726
863684
153821
396739
584025
279254
18019
391224
445693
120987
1110511
182086
402371
1014552
817232
962036
981926
308649
423119
1356944
586746
167716
1214749
1045257
150122
1055514
817671
16873
425947
161546
176377
297848
772154
154868
2159248
39835
331557
723442
78764
92195
821019
1354597
760909
1871784
284922
97472
535666
555554
580766
596732
252170
16157
121574
523077
484107
120094
26642
402664
1310294
333815
1407984
690941
152366
1598148
464367
609822
415311
157396
1378164
1050996
1159911
441985
897992
458134
2810390
19508
333095
1108881
311100
2126217
3696
648
734243
241012
139431
566235
282383
75376
214191
440321
570555
622456
343641
427632
41489
151531
262949
172556
684089
131124
874210
39872
17037
395302
1013156
95828
49967
515566
1380130
525651
141343
1616539
11535
422989
745068
236373
238910
589328
463789
35154
172723
269823
171562
63567
910964
1607304
256117
137884
1648312
778001
602576
67985
27816
1165959
1472295
1126050
2594507
1249020
350245
247776
5343
581230
1358564
194883
414979
17111
418341
86598
2015977
91780
1938623
631982
608800
7412
196758
3105433
586078
479384
682337
19409
165949
1060400
186822
2764822
4742
54106
417424
1043947
912905
270492
118281
126034
152302
1047097
189501
275921
447116
109353
117902
1072039
747536
1524414
372291
845661
139334
375687
305029
586470
652757
1134275
608483
429346
388441
244262
1532034
245393
48891
754651
70729
408489
503178
396954
124156
487103
643
492430
222670
36531
50534
319855
583121
6795
214965
44226
387915
430524
341349
913841
444755
515464
287485
303952
106672
464938
608771
326137
320080
1074171
9915
431839
1108746
2347796
978634
1356577
206284
334348
341863
12195
115082
143754
504948
363402
607402
630492
26373
1089736
280705
82440
223016
534911
934998
974616
303908
30558
1417675
2256985
47735
1218821
669443
1179625
39336
1359758
130847
185961
154893
1701056
62719
927806
207
243752
26417
138935
322238
284769
4307
122123
1133657
1085832
326676
80646
269476
6734
235870
493419
164159
1008950
293626
381346
42170
834024
848666
16512
1502200
750164
812919
89909
447078
334255
353418
61222
489997
1582482
17460
129623
416021
325836
71464
1491573
427068
1651022
492004
1262375
816910
781814
37686
525929
303177
20670
249242
51665
308276
213505
687825
707154
181458
77353
56132
357189
34392
167934
119343
508499
39277
387939
235774
217314
1496450
1575131
574339
116262
159265
107357
295581
195099
453898
158667
58457
666719
33583
399622
559234
189558
68196
172871
154981
69820
422203
82227
945174
85501
283198
389281
40176
1987883
108209
126312
388422
111272
176257
17661
70892
66842
68491
537539
612196
204295
46603
50135
841193
1451187
957118
16993
592172
295919
671181
1413120
1615981
314261
94754
1110446
1489131
63975
105865
20073
684275
386338
361488
60497
338495
2089891
1159353
150426
1929900
43807
1663295
968306
409161
5075
577076
241324
157091
426009
54519
1874866
292741
1078988
555830
1251348
1314916
82216
722373
151203
75668
103943
278115
1053810
978828
90468
1238091
294437
649255
223403
243943
355715
1781719
224893
483345
295635
142998
375698
871835
167186
149572
118205
589891
223121
1563
569655
286630
199550
75438
2016659
223799
834770
729592
844419
309696
384515
1124552
303742
117856
422274
191394
1446395
910666
733599
573814
88201
120506
63783
170875
131156
111268
93414
95729
78588
432114
480614
422625
781782
35678
1120387
194009
678538
273160
144880
602730
75601
227151
216264
168093
1237727
75952
455104
596771
383899
304450
464540
264350
324630
180403
1839683
1130465
912720
116435
214935
673657
69490
1234481
23336
189414
2209933
195508
993987
2076198
807349
604972
733540
149254
839876
1073033
226167
365396
1412444
170487
924223
527425
249261
377367
290634
95035
9816
1291123
103716
373139
1145000
318820
52457
7264
898412
501242
938970
288813
1431488
174632
655854
649911
747094
322399
45628
836951
1161074
870802
1563747
147083
113035
517290
494123
824047
256704
83652
37591
560169
571573
10867
755785
52181
252208
35708
1446367
835524
76451
199573
684078
37531
362341
238348
13906
347044
798671
232352
3034
118222
187741
349119
729382
506952
482334
426302
300803
2069201
972305
154216
780321
780485
29379
285288
1120400
978496
79349
433790
51205
501822
113163
655233
1604122
424540
270675
817595
455465
325653
45887
195358
844116
270192
1555448
72990
502232
1002154
228607
600722
1147499
1649814
1197306
312603
544756
48286
171763
702659
267409
237654
154510
121469
156325
2523
631052
568196
908870
763050
90574
210273
143922
79683
116692
738297
192404
36445
162983
872431
80344
1356653
166344
288625
1051066
182709
1186322
421346
44945
182905
242093
311498
595063
301620
2120620
802037
319944
39612
344584
525983
512044
862568
37064
480940
815084
28772
4180
644105
745329
131606
198840
1534826
129557
275575
500811
444134
145705
1051127
442421
2657544
1167225
2611658
483568
940627
150860
77869
156739
186047
45907
64558
655349
780836
567111
889658
118748
217310
226346
144208
74519
474739
189716
32982
391113
459520
64895
419426
376397
1783147
104465
361640
192964
5587
330134
107647
485294
576800
445888
148783
875963
612428
363366
385727
774031
7204
20380
1184164
246353
1072637
450099
27899
102196
140633
466346
287178
103900
473354
604742
75883
527073
703804
324389
652368
1180445
474592
30753
286394
143002
278936
96413
2766989
322891
342086
403203
20290
456150
87630
598694
25220
366483
243980
145871
76230
547524
1227159
306633
662787
1111615
681033
367034
78677
1650941
669732
616825
571408
1940898
368021
245953
285840
242364
326438
764481
182827
107653
716500
959407
143014
665880
547328
17007
1352576
1806510
956356
87743
662355
1106611
333099
252413
641046
372867
79243
1175399
253861
1014198
515748
20137
87941
1495544
284997
461205
191682
509647
894214
240707
1177744
3837
294046
377532
345241
869942
251815
447304
359806
1030274
189812
189146
21315
475035
951638
300867
153721
1317227
196260
81705
50124
127942
648376
550979
124396
249864
157784
206352
110779
96066
1530522
878965
11487
683660
74193
438640
548612
804109
348329
82870
809144
1255795
200748
402165
201557
1502147
787096
544120
68007
116422
392583
600026
51848
255888
613383
27984
2236074
981115
300215
223083
166053
68357
317653
67654
37781
307914
29181
278069
355074
8890
24817
650551
358195
200132
82561
2059752
295927
16628
166357
4682
26183
1399222
204478
114204
102385
350872
840938
368186
229224
239104
965945
151556
223826
252683
66943
719038
352232
86098
596636
140643
44739
118699
439384
538561
780635
107845
148603
128171
145547
319447
149325
124025
219928
46400
165504
73405
115267
148075
561349
28282
634473
82106
597928
213317
476792
418624
155382
395583
701276
205158
17841
819043
652050
218777
287635
146543
627227
715418
257439
138763
649633
715564
945260
14631
664186
316533
1984768
440800
667568
278178
397878
1377562
231728
517758
1676746
566532
65874
246410
136565
388262
1172633
83526
608832
606084
378010
427964
155313
74469
717384
171374
863376
698829
578974
251520
903375
1358325
1169457
434581
679997
241012
150139
840771
440883
761696
955607
875
708325
47980
1416661
741118
609310
590824
276628
55188
430306
185806
689588
770570
27760
607212
4272
399784
148055
338125
46657
955739
855954
437479
3595595
162804
188942
68132
216011
319283
950580
810248
346585
599923
286784
393186
35448
77063
270846
596819
890572
1675320
467846
1058605
387807
107092
319987
691775
519191
238325
760365
283913
1078029
334928
118946
532237
310817
56712
1609817
367782
433976
392116
542194
197608
619995
519552
524733
98383
512682
17386
753916
68154
2912971
392303
1093965
156894
340643
36661
429216
1018845
167791
389739
681596
165094
644799
177418
58284
404201
194088
906384
376752
135849
233329
637652
102872
581371
279563
700544
160808
1148296
332965
104813
16297
820987
2156855
433959
290011
134488
682196
85212
647569
271292
242590
836589
155550
369323
216705
1166408
712636
1251024
68212
455440
178045
106234
56465
434469
298745
387720
33297
488510
884927
8349
1475410
275659
403554
9850
705635
302779
508959
272241
92325
499707
264725
537654
1214970
26155
648333
903094
340732
504846
284626
1053893
462429
200219
135922
259331
302469
140341
1731482
660861
638993
1022566
519355
17739
39896
1908613
401772
584322
691887
33407
339864
526581
397063
166138
454912
145297
919121
2105820
948250
391457
147553
299819
1065830
7098
422028
63667
356686
805969
910559
61736
106366
217127
1144963
422391
515873
49586
21863
426075
201320
86940
31197
265419
599099
226423
275501
261152
1059942
559106
211997
49424
158235
677642
545263
68161
422738
73265
184933
52550
268560
1514
2009
62839
84319
68674
451717
338595
65453
618424
235606
315555
1635970
787448
303203
674556
34648
160798
7476
347967
808264
653888
2027762
41268
278367
991804
100308
321558
808889
72335
836168
917676
294121
44046
18924
1237513
144082
53137
522268
197446
350011
4852
206155
688814
25131
326434
387030
292102
335028
46081
205744
129717
276909
2936
15102
829681
1620353
405863
538134
63720
401502
488226
111309
59611
373836
407805
409185
198543
27770
401428
1155178
442206
20320
664289
66828
138189
672776
1212212
36942
179019
184875
955289
684390
163668
1257608
331448
2288436
909079
990106
1212000
303550
3079864
28519
155937
593528
423066
281732
139421
781649
775115
306420
26082
554437
598765
147263
1032825
890380
171478
239411
615766
1640629
448704
1602672
332688
871183
450061
313450
266748
845338
969828
20243
1029051
13111
304634
635002
265152
936679
64040
35969
267521
606273
275994
141106
2171712
1980738
476661
962452
667938
614448
31213
209631
99964
999218
318768
275286
255983
324134
701940
577449
612298
243502
512369
15705
200437
44763
117411
58289
135749
590382
78410
672065
993115
1200290
721357
1510854
282387
382200
175323
443553
137320
748389
315335
55073
468857
17155
64367
219666
3193169
209825
944587
60828
963106
823577
955212
341929
236659
354571
105999
138064
211967
188231
82888
435232
175641
283660
121973
377140
18987
201023
1318569
519799
945141
484100
453295
79169
223011
950964
638423
109611
160936
447368
224778
101114
31534
566067
553973
1109912
388310
1146617
368881
787525
199489
117715
796415
811828
374901
471734
2339
467529
266814
131341
292086
690670
652633
462318
101143
304005
325329
711365
979093
605435
3619
134108
219327
265365
680626
674880
281632
173994
3827
860914
641611
421606
281715
860600
377940
599480
189738
299444
662890
1219219
389949
862300
218989
1357321
138857
1440558
523158
443263
893834
188381
882191
591934
216369
480286
224114
1126377
262454
13266
804409
1029753
539297
1146503
229103
815942
274690
4601
28776
7326
1786613
33858
175016
23612
907122
179953
622177
1739655
437082
108198
645799
87196
846990
175438
634505
246349
210944
1260341
497737
60424
197811
1468656
209711
368699
75658
582917
82609
552298
204061
76
356363
359273
228955
1089490
432729
1730353
108685
69079
1053581
40130
242797
310107
413645
625825
675714
1635387
37206
1345527
983191
298486
289176
528919
562103
28730
108715
1600
313161
605454
839027
440619
666658
326377
292202
1603738
105257
154589
427756
477735
312759
1241190
244531
203821
384204
858504
749196
700425
675765
4295
358829
75914
58046
131045
1266697
92860
707282
776157
801259
2710378
468609
132028
332795
7611
184059
204094
75512
849245
275003
77483
1376748
1238619
805525
45024
1648820
147531
1982926
77610
1092515
391000
1986905
169292
167379
170517
477196
71973
472512
180692
265451
311139
28425
210597
15058
631414
29229
462873
309781
196857
100420
701893
33349
1208795
254714
796372
474110
143072
224852
18980
343770
322791
4521
507123
633963
80179
1119391
1163338
26691
8640
173430
189226
2257392
258690
651853
603923
117031
488379
521673
714831
356469
92843
543919
3495622
680361
