5768027
29430927
6723795
305734
9186624
23154415
2344229
11044738
1277194
11807846
1211371
13882203
26705619
9050782
5812715
167659
19256233
12952718
19190965
3225709
7573880
11419116
7451798
5294004
38328983
7058463
12119319
1969777
8325468
13170751
12245853
11502902
3179051
3038050
28215242
13892030
5714905
15585992
21205465
2917866
1808618
504462
12802056
9886947
17148265
10118960
6286478
2475796
10603018
5463852
8637855
13665164
21824918
9842752
3098219
48606286
186437
1198081
13601119
514158
23158197
17926596
34590403
4593005
4942847
3536951
6635726
9908619
193405
3454192
6159923
1869610
8684527
6815453
16212842
17557445
594615
4871856
12554179
21076335
18027867
9383640
2282702
12411813
35573144
7083972
15087952
2107053
26353644
4931516
1382310
8561555
3401380
17369578
6974600
26777671
327226
6213386
21550073
6081550
3037301
58834792
4982656
10420235
3665219
13276096
495313
20491227
5745000
6053743
32389947
4102613
998602
1648909
12783792
27063652
1688385
1812951
3288316
14751636
269330
2187467
12877161
2534106
24758714
1525327
16196201
1125929
1567081
5102640
1276143
7002216
385874
161491
14992308
1201329
13556941
1368146
24959102
2702876
6047200
11710481
8327972
1210434
5947090
11098729
685260
11947000
28552166
9829537
24500556
16950561
20090049
1260377
5265339
9388170
12002707
31865459
4442202
23118433
26270794
1338792
1756738
1381497
4859185
2550426
5046981
4208037
189428
9925210
770375
7659674
15861388
11358323
16455187
28065347
8967192
17716372
2684022
38764095
5246118
43162796
6835867
16107139
20328337
866608
11447375
1154592
290070
9339461
20244430
981245
6592263
21102585
11159225
15109815
59807822
8270421
6477613
5412776
27344460
3322563
4623988
2115715
19966507
402918
40481230
2934471
3785756
31183951
9911940
2734790
27443368
3660436
23428334
10186721
7304510
4963825
9579344
1945730
2024758
4315303
17361047
25861995
1496266
43545200
12728783
8142538
8398554
15478320
5394052
6040102
1385904
8885316
3456421
7271700
4121242
369483
7229663
7431240
6782283
19742
7462229
2568463
6012777
4332882
5519987
17469429
5493947
8154144
3600551
3166328
4931694
763341
17458175
12015946
5390103
437785
4271886
525971
533576
13388574
19414829
6774510
30861146
10085527
4569209
5620406
31370714
19618992
6691947
41077825
922469
48784891
5687469
512265
11592253
4018797
21283373
5491951
16372037
658778
3423280
8573218
8032085
6472289
10644610
15537245
9279614
30825298
9256622
8996406
2883668
7715651
19721881
357249
4302846
830028
1838894
2763226
8188370
547009
19597914
11401795
4083599
3987640
10637124
54993
2644135
11916213
5237579
1238500
5528818
3269252
10194361
1905665
25241610
5179768
3777089
5698474
4046
705349
1035457
21915604
2459130
4339277
13579031
14920399
2051487
9666029
26252243
34451423
3026572
4136252
3750206
7932224
4778175
13224825
2053667
23179375
29240937
1671356
2017283
23167121
14350559
15027285
12918453
15003110
13677122
13113834
15760340
19052465
62935
4188816
3878795
3011384
5505847
26770001
951975
10807038
1321249
13419309
4629325
10280796
2285725
9332012
5302781
11028836
6144137
4325432
4532399
19002326
24048060
25475733
4917833
29037403
21487481
38877833
8364643
6320789
5692304
12289097
6406005
9571335
3522
68710416
5514401
4430568
8474458
4853227
3798758
30468635
4605985
3422109
668277
6809595
95334
2244265
1186490
6364863
10066690
15870415
4830295
8712309
9072844
3291084
27960264
4657328
3378597
12278889
2005833
8337650
5263881
9464094
18445628
5620581
1206599
1614454
2976409
3642563
1123752
9711825
3658498
7930262
7228958
4360823
3846926
8114648
3091198
16202805
2580449
3630913
3336656
70084086
1306978
18441139
14729942
14595922
19341184
14648287
28127398
2133645
4622740
53886
19175180
6955273
2568250
34427189
176108
3630625
32338584
16069
7075887
6161827
40202596
25982675
18248251
40682716
8034835
5673946
23572192
8378575
22188008
20574630
2087857
4751790
1302679
1991923
5734403
32255170
15830091
8303380
16124651
11917321
7162878
25808300
8226306
18525389
5690294
12775726
42239682
22036718
1755674
1270335
30633
12760167
16109349
40307072
1933469
17483603
7654422
3115866
3330424
2701451
9087628
9203928
3321742
4658513
5470140
38453761
14216227
7349249
28100480
10372997
3105499
11754665
5903680
28112583
272152
9386557
829174
12385618
12418037
12812356
12368708
2870754
3514159
4471201
19753567
2478572
9291199
26883574
3517366
2622400
29708103
15179295
1767268
5062077
1814533
5837643
9313988
20945172
2193029
17050146
1529433
30326034
29692663
23550984
4834625
2368780
5574201
36390814
22402524
24275781
6465875
14166327
31684890
4611455
15137543
5749197
18658588
5905580
8216171
26681229
25483287
13989561
6109221
6044248
8998357
7191428
7549351
20261697
1453789
848310
24010985
163631
25893201
10217026
11131279
282685
12264004
2477643
1177012
6421396
7096928
7923016
15345139
1430604
5814346
6650202
2209752
3397713
5891339
346367
1848911
11390140
13457521
23485440
1730000
25780960
23768133
3894889
20023612
11815584
2416781
6502436
22769269
24176724
103106
1487581
10788432
4372211
3096513
5520499
5105476
2463030
2655655
10707910
3403421
5248776
33860529
27894202
11737535
8630135
11219483
10915810
609017
4122972
6181398
7124812
10489435
5733685
2486682
7545172
2770098
7079845
4387939
10842953
5000741
7114167
33021308
11518506
9436443
14420962
29327054
6692050
735070
16600400
1498813
15762414
2176917
29849169
14660969
18284806
1523315
6605892
28094803
2205855
31623708
3486258
4307541
14659156
2304534
10880399
33251149
35399678
9078261
32876335
28731909
2505733
211747
3014767
9283022
14663428
4200290
17442042
21361907
33638079
7577965
4659761
1467556
13776788
2170359
4766841
27393308
41720105
15204018
4416250
2082482
7637023
2013419
3888261
6725249
17432371
11572353
1103630
1884190
10161277
2039982
2093295
694456
7199
2380249
4184199
31219485
19457229
1765646
207899
14411309
10135363
15790181
22928399
4795073
3450635
5086567
21664739
6618624
22422719
23935877
10056392
7902735
9191042
3237104
6899626
2981559
1933406
9342359
956931
466924
7553850
1444020
10954692
12711411
5676575
13763284
3877627
4915106
3385256
8400931
1054986
15355774
11156820
14417122
7516472
11976565
19860311
2501057
1745636
17060643
7652539
6635956
2543237
3721680
5105313
23155944
1206346
8700421
2852228
12675952
1236317
7175173
34531865
3529600
25867541
3118317
19723910
18239017
3868318
401834
4184865
953523
72659
13160581
12678467
13835615
2705144
658403
14376663
4146271
2730940
8564125
11618169
24068574
194177
13154806
8348184
7594935
16193162
3660495
2686487
4379821
7440093
5337567
2377676
3463055
24233254
3806765
7735032
24356527
14487447
21491318
9511659
28982100
12458437
2664792
3527877
499580
11485995
5918178
4670769
16435690
11076290
16942410
6426885
25428423
5604120
13821174
11905428
4188102
11439993
2757517
6038993
8698890
22484007
17479333
20705766
1595882
10246459
8752006
19547043
8887631
19429229
6639867
2645247
386476
28354859
23569954
23110957
3976430
3827618
14475647
8766432
5813048
5327123
6633
5444739
11663914
17323675
1420472
16615175
9967823
8323707
2559068
11563600
1760020
2248517
38014437
3155735
10325541
18687922
5414043
24095663
3091277
3433292
18400102
4289302
3606562
801824
440510
15777939
1223920
3515701
1498961
19699169
5913927
418027
17988469
4162373
2964059
347153
1488068
7927793
34387153
17050743
7972990
15399546
15995134
1488234
5735419
10234231
5661153
12517753
12751416
3552866
1709374
2759895
2171684
1925392
8202967
37541720
8047400
10501943
41360957
23453813
4090748
4800268
310737
11866822
4714472
9352760
20310166
13207225
8195500
3991842
7873366
1259943
2769547
1145621
5339475
9234126
9385346
5965404
35054453
4768670
9642674
693077
16482033
2850586
4858770
3942347
3724107
3771970
2850730
3182911
30364648
4132926
2639435
543333
16434944
1067117
5387998
1812461
2297708
12318418
10772813
5683042
16542951
1690896
14665763
1209071
8066921
5054205
8637034
23086010
10464729
6087346
3633449
3334372
25907621
6053151
1360401
951657
6561604
673228
5766336
19085420
1115477
4760514
16151795
4567181
22420948
5402012
200576
1064391
5285522
7943744
13368084
1457483
3984324
432866
748593
9868786
3378698
9326278
9035183
19234156
19627207
463680
9547103
2701188
6352915
37786868
3029507
12109397
16927077
7797584
1779465
3207626
36190212
14302895
6784130
30557762
7766982
2830949
20620026
29172272
3372451
19473693
5776032
4853788
31183324
11774794
6821131
56104073
42237334
744021
4108344
4500164
41249162
21460510
16017637
3999764
517324
6893319
9877889
14284801
6643647
10200629
9857810
20211672
6944751
31374816
9035460
16351855
9878492
7947021
20293378
1549774
3773265
7598368
36814121
15918037
3212935
12417468
4288584
4074093
142910
13502075
12571665
17959774
4572896
9797998
7348541
10739255
10872662
12808288
3776664
4038501
2511459
4493205
12506738
925321
12372486
2352551
3646838
6671694
63764
13727661
3249408
13343202
2583884
2352670
5348239
3301978
16636826
50225506
16807914
9798197
17666168
4816314
2560381
10921599
11017309
3178486
13402263
16893040
3739963
4334910
24302661
6352324
668313
4493911
2454933
12109634
2361728
57001293
12718478
2272319
1187328
389851
22595711
7413869
15539140
570159
23296645
29494926
1061697
2895117
27749
6184909
610910
16498727
25560075
13250725
40782701
3670391
616590
9546563
14704228
1609049
7057359
21281032
6507846
647235
9083246
9068579
19514433
23610744
14833644
20796608
13033438
1228866
453687
864480
6003343
5805388
1161185
5080264
226326
49728447
403364
23497426
351766
7034342
6522911
327497
9498717
3363656
4608061
11985299
6841186
20329034
9128729
147856
7055356
7700564
10795764
33579845
2514754
17362637
10053943
16771688
10170406
5240545
7618689
5227382
13604714
2400663
17440367
7081956
20544904
937651
13651301
1667620
580858
19439192
1707882
6963079
6432739
8296312
21705904
5704383
6663248
18995416
6813086
2558695
9375956
15943657
19412859
10372408
17553305
5069914
4632063
4005034
9472927
8140116
2657323
2441445
3628761
21819390
10748936
15906052
349291
3844490
23044331
6930225
10004640
1968362
12498939
17588366
9405830
4267720
5870649
10440773
4154685
2111823
4543308
192629
7259839
1324232
8878507
6800430
99186
16560011
8084230
13015521
2186953
6464100
6256747
10176019
14361970
17095752
9609178
11356225
23844140
6682871
12236257
9977789
10738541
1037195
3625326
7695680
21787391
16926116
9149878
4935862
2167084
9865
10369385
2987301
11834412
16826510
23688737
22553706
447338
8539203
581042
9241827
14390942
10055771
2547304
17990073
9544413
3120416
2325008
10615798
6882680
1733329
3899534
5582466
25903168
14959848
19120604
8171395
10024765
1069605
4847615
9416352
21880252
5311520
806436
20975475
1930709
2111107
11986426
16404035
9230037
2531244
14080706
5279839
4092367
2297011
2465469
16776505
29841970
5178011
10037375
3006879
111547
8777442
12971873
1451664
186794
9358760
8324017
1848696
10171146
9267735
4298818
990829
5079874
2245118
3709053
6624971
6008105
6633590
4806780
6836258
2128106
2957658
446256
5719799
23588186
11733692
8481396
1512945
4092589
16684266
3007151
27754541
5324391
6089858
3225734
22080998
421738
916
308318
5553323
7813191
10981465
9671125
1655192
1257810
12297694
7587119
2452191
3664093
1479108
9152304
13354121
2867410
4635875
14074502
4752004
21093388
8316827
20493845
14641654
20774947
680926
40821681
477032
1754192
2133312
15357889
7619652
11707535
11920237
8866016
5734039
19431609
12946512
5870394
35407113
28367092
1587930
13603629
63955380
8580323
14609604
28665125
287704
8940472
9424337
5569580
1890381
12608068
4560660
5426377
120803
3897660
15182739
4846581
73032
35821539
10307406
14350854
969360
14138104
5578571
10563934
9290264
4292408
2813011
2564442
21707271
4118033
3410152
11120045
1245457
4521456
6254142
7943289
35399219
52062811
87733
15235157
11240172
9521681
5938728
7457451
22099448
10724657
3613729
19641038
2024924
13906058
6179820
5921992
10382644
40974781
2531510
1579139
4321165
5852492
2060927
4858621
21832471
5438559
8247495
6391280
11140285
8038595
7155009
3681428
5684318
15768919
15305514
2748520
5129885
5510717
7309379
742729
12212130
19479009
10045300
5687428
10394707
3408496
3520015
9146090
12216613
1789477
10320885
7989749
3609055
10237874
517654
18059245
4854839
5710858
2453386
1798875
6545197
22025207
3727108
18881239
26321893
5257303
14648339
3550148
23363759
40444954
7410541
34237977
3344869
2865516
7482090
13307762
22350113
13007393
12473180
7630114
1593962
9293836
19855303
215687
646319
356733
3754690
397519
8685656
1984024
9428086
12613236
13844760
8944487
3463523
15713757
13251350
20159793
6203548
4253439
37728
5836405
4712818
3777032
7885349
9569709
767872
3011697
8417461
2506284
23478441
3545929
13075039
1209447
171961
5587816
5518315
13875227
9066692
45805146
2006145
25420825
7474955
20174064
18510112
1141283
1951271
10107314
14277633
1117216
5090451
20356043
5610620
51326236
1010411
9215364
18613172
11095505
4991755
10168048
29720756
16317589
16486075
7494291
6044974
3882230
33004728
29616320
13836783
2076554
5622135
3138297
5522725
17624814
345593
30792481
174740
34463267
44105303
2942501
10647046
2357966
15630172
1089246
10818250
41132605
37024129
6384720
13351503
37338344
2609291
6805621
8022295
3678423
931000
1914149
1249877
41614
20491415
16555399
1412342
1159785
5437249
23266999
15196967
11399415
7393182
15129512
5094339
5506382
8843466
20749239
7447505
7548749
514747
10106919
11313825
7958011
4875273
1995951
9662376
14714811
15826191
6535151
1114412
17355472
1646478
12743791
9439443
10577140
26620263
18067782
4976095
4441045
3464258
11940566
5183210
302355
2030520
1528062
48758523
344095
4397309
2617654
29590033
11749210
2746035
28475687
4727572
5048752
11076647
11547686
10466668
2932278
1200367
31357326
7710833
8860915
15491429
1497758
9752224
38750614
8676407
27163827
3052607
2724
26971503
6676157
8574898
3069975
8531568
27473212
5561967
6815187
911151
8067584
21530932
50070934
1193983
5173433
1164799
5291753
8701633
12527445
5547282
29911325
26899658
8608689
11644015
6452657
15596158
7894336
7734616
4104736
16916642
8356595
22867498
19947468
10696865
36689295
31130978
179623
24361528
10959006
6662020
9513388
7995327
15378736
8388296
8450592
14253159
3678331
24919708
1849314
24576916
4366948
3068892
17128746
11255711
175341
582101
2427331
4108373
8824292
474794
15492487
5589869
6532817
19263219
9891332
4819146
6478579
523450
4527584
20204902
1417514
15729659
22203793
5931638
15633785
4796398
10565342
13112466
43049310
995562
3790484
21758058
10343187
7585295
4081723
10517683
2845911
13588349
3457987
282797
149697
22091437
7609922
5729665
4680328
40017959
27383643
3501368
21435814
11329899
471537
2000331
26985423
3190174
10407402
535846
10316706
688896
7003121
6952574
3038695
9540683
16532372
1849476
30714927
8805133
2149685
3098516
16694570
14144274
10157492
8895170
2791477
2601459
17525494
11952411
14020900
6858919
1130800
17896770
7643628
6497314
17094524
15951655
14085979
26158225
3983309
8029730
4102826
6365410
11559031
9637767
14637398
6183002
17131447
28510566
3053953
15076629
18981934
9121322
4816508
5288711
15965603
62448423
7563826
2059526
1527249
10951182
34203349
6994086
9910382
10078459
9092086
40674986
5123687
27640719
4556919
3105692
3561669
766434
12833955
1835483
6037711
5198734
205034
790898
24690555
12198565
4903629
6179584
4707134
604203
2997853
1906373
4479481
7105693
6948545
21078924
75456
10029542
15619278
7483789
13208889
23843324
14062702
5770654
5157170
1725907
1174159
497810
35216896
457407
80266962
2598253
4953085
3047739
18013285
6286340
4032612
5609626
8090616
14310682
17456521
3858253
5102668
3729238
7662434
42298592
38488851
3313591
6946945
13296880
25247638
4221362
5307107
1736110
10137949
10129718
8790475
9061003
9689017
9180699
2097803
53965
5299209
3798564
23685841
3782113
9716762
21274439
11285454
18179175
24576880
5521268
15070162
9908658
1245249
307172
9664105
11827294
38922701
2998703
3467890
2290747
12174515
32627753
11187686
4256384
13671505
3149593
3509925
1042517
2174076
13822314
4317668
4790315
19454016
1131914
8669614
4635732
2637620
5261477
17791307
8612284
57770268
4849984
10919535
3212746
2670751
4706529
14138195
3622249
8418729
9560059
193719
44172073
8488234
3627692
21822419
54069
1352197
2465934
4393355
8276445
3198623
1112593
2434668
19915302
20956785
30976586
4985813
307374
1726725
8689761
3087736
4032530
13473108
7800481
8401552
9841386
578323
24131505
2007562
7245793
12752475
2973215
15891429
3311739
11911711
2523019
5382143
24087361
5965125
2487161
9114252
1991279
1034404
23070573
1562219
31719281
3829591
9535032
15509852
11000492
7560625
20343854
27151766
9721319
2075255
18092532
28673968
2662159
5644565
3795990
8285896
128187
2385740
18904326
23187290
3004170
26003195
2960446
4629348
31390740
310358
1890290
9558423
8187035
6664845
34755062
2623349
688536
2622390
1049333
19615783
19648674
18458803
7000620
7312967
48970574
1427897
7800685
7029871
1425600
11203996
951796
1517154
7266306
13081708
1387297
27437867
1104022
1883187
2842936
13677247
1088663
10132002
20086252
18573301
1893194
32157205
1540107
1049005
13826269
11559421
1527399
4243657
6837909
1420090
8771885
14548405
8562072
15688703
41652120
1722289
13752951
5767863
12282268
1786761
49943468
12308815
754353
1753579
16130097
7177669
7171470
9202050
10220194
31728195
13287808
4280908
17523565
10546227
4646846
9424458
23568172
8363296
4328088
2055828
4666722
4588007
6285682
6042781
11823657
6747486
2589147
759431
32816916
2474756
16325139
1386414
4969903
10035128
3284741
36975798
9129753
551571
14354803
9641474
1491063
401909
8501305
34515491
11972027
9126023
8207928
38989687
9863536
5304189
26174494
25058923
943470
2578538
2742029
15997255
5433445
15957601
2617549
2198432
2303041
6018821
3372860
3826649
15398258
2420384
6068616
14134440
16151758
13379971
45745099
51884781
31829407
4128931
4391064
12315159
4151732
13445610
211929
4731190
3934273
5070491
13697900
13519584
1218042
2751985
8836328
16560347
14511378
21722617
8882493
15740677
1493412
34769301
43743498
4060921
11652244
11682590
18041506
2862295
14738091
6703373
61712757
3756592
36941956
1682121
10898131
44616922
5477254
3729449
3576195
2030689
280444
4075463
6002284
4412478
23081714
21792261
8899741
1134852
5011331
12065218
7776334
877849
9796330
2881840
4746641
178222
6838781
6779919
17261745
24146161
4352485
968176
5686758
901056
6559236
5072434
20749757
1720124
5208750
30284084
5422607
5406182
2230537
1580819
27893987
10176836
2014821
2231641
9728818
15304996
11575915
6744176
1983110
32048520
4309523
10643620
11399100
15396555
11328349
75433
34599475
3188131
5821402
5643311
8987530
28933640
37225692
5797546
16923045
22815387
11354425
1841128
3679979
13065989
1610103
14899598
12830718
40796188
472250
2506835
9444661
8362525
4855976
4254529
2277690
9139903
7147064
8555983
626484
2217490
8039657
24841711
25428593
15105848
25561444
5211327
1768563
16345156
13199808
13294560
3552692
15902257
2126193
5628070
25144059
20619321
32045090
7663498
12539695
6737584
19974468
7829694
13188673
11409628
8889126
14048400
2139954
5803798
16481059
6877552
3782680
6263283
10113189
8574459
28384532
7841217
22719282
5211072
17920663
7224823
5588611
4042429
6941263
18657371
9352782
27772466
6836604
13803489
31964297
3081707
263124
15579211
4131592
7697855
17734611
57690
6519957
4071274
9347788
28382432
13937234
26468093
5748401
23125059
42083465
2091606
8630669
240560
7057643
6275459
2820063
7059886
3408627
36221198
365555
6837588
5873089
5653445
486311
4418714
9296013
32959067
13974404
1157804
3972775
1515042
798414
1422206
8136030
2476812
7927653
10700676
26960638
2304912
1534877
3009594
2722069
10637631
400895
6439645
2967958
76616505
15515079
5377103
4079885
19438673
5553498
247189
7220701
17979200
13810283
248595
21258198
9539784
16291513
3462676
34393848
6006887
2335836
12677206
5931494
20830
2378711
68580
21001151
3236841
3590220
1955393
24133113
3476935
34735931
5748340
26648347
2868311
10472025
1006174
964885
39127425
4850246
186655
597481
18075424
15198416
7575075
4608107
97864
447859
15129695
4859301
23992333
11334880
10280884
22960077
22750917
1543054
8991899
360627
9585726
6996928
220868
14412664
4175966
7569471
7824478
3651485
20051412
1218856
2812801
2878010
3622844
2511598
3478312
5959187
27842622
5924705
12827811
5059609
4183417
3404070
325306
8182498
9613227
44389575
8320005
10907893
59697047
13207737
20118414
17068148
346771
4902552
16591495
24759814
20556093
17964974
9933472
17169926
11126218
8051221
7522863
9043874
2203768
327967
19111250
33559285
6044903
17161613
2547246
7965884
12076595
377467
23636073
25134771
22341147
8589555
10277800
13387916
324300
6063647
1644842
12971778
6772976
38804665
83051
4482697
10261225
8625172
41639624
3759382
9914679
3612172
2484350
3928908
3613497
7249566
4242398
21045924
12495560
777012
10866328
1214819
11747183
11625098
5969429
5890
18398692
396543
31255232
13602288
6638067
912546
3162710
10609300
1458483
1509719
13514431
11049744
9895140
5360787
8105773
674021
7930150
11796094
2701790
3023299
8955472
12508674
1160935
19025146
18610637
26174108
56705
2065783
12603050
4442267
2432546
20462186
17269954
10735589
3180583
704660
21887865
5412769
2465679
9680480
7200388
3064957
412221
1691625
1641254
1458438
16439553
1777542
7924887
523611
20097007
412557
267887
13890421
14104258
1560675
4855565
22892755
5399342
4274643
7342710
29446279
48188913
1363423
8507010
8881206
609479
4749690
5792082
14992878
17981220
3917796
4449427
10873597
17066329
6736452
297810
4675297
9163454
7097329
14885629
73785
9955385
52981787
1297766
8017184
3300852
16572653
152034
22622165
3187606
2534754
14020829
10212
9046845
3624457
24479858
7912628
9534869
6245135
4676985
2730137
11285728
569147
4115441
10640207
15533198
10908390
479123
575679
4473253
14103275
1736344
500010
6032099
904442
31406786
1706472
40178103
5860475
13100643
21217720
18484701
6333871
18436442
11364863
2274262
2369664
3436194
13285095
12072451
5835641
16517883
669300
14258016
9421249
3604919
3253643
5719820
13774954
10788114
20510021
6419936
22530875
19975460
2066430
16283024
4612125
4795026
8775453
6439007
5298504
2755844
13562660
690094
15237026
2188152
2316971
734997
7640374
3140772
28868466
5317852
6630270
8061167
60282806
10958574
9148424
63885962
2045312
2778625
14746257
2811819
7788896
8856807
719833
3257717
13322682
12851826
32922964
597330
14249105
24471994
4559219
11080074
16652328
4768081
2751303
125135
1039487
2787165
27600669
27455424
1650211
3648186
5297612
11951352
20342037
4985513
6906242
2503388
15481694
7909022
2111735
10438575
2483875
12462023
9100
1999322
23344564
1004288
12102605
8314962
25388566
3489824
3222416
9981828
17209453
8206444
19274640
222148
19223068
6023072
4826998
3201603
8394458
12996390
14142855
294300
4447508
2089778
5656205
361559
8533156
22052923
3230725
6978515
214725
514484
12978833
7705644
8852956
7988928
19093477
8012697
19233459
5226172
9842282
1462322
7461529
11235765
3508237
6629087
2644448
391008
9006499
15202472
14347575
186156
4767588
18663678
3525447
2259071
7612762
12138298
1659750
8539556
6345246
14419157
29945676
2870450
5114975
5655231
12777775
26411482
40968918
14442002
4796857
8419221
3983618
12172901
9032683
4065174
26335341
2552903
8306680
25271090
6152946
17594326
2376294
4845484
9178162
4047932
2200013
10030495
4606301
19782073
489228
5852550
16263585
4390156
9845727
1097433
5894917
52296
5172317
10554291
12031615
3761536
3370911
21640466
4169442
8065248
14501836
7406147
2644962
10827801
727921
8389894
4942808
3496407
8324131
9785820
7484981
12709008
51695767
6355595
1975935
40741
1228247
18122608
9261539
1841006
46970312
29206232
17814590
5181055
1843469
12716080
65383366
8384397
10129364
19257371
1556
2364299
5306329
13950333
15017504
23755877
5634304
36696854
11612329
1792083
1619086
10044560
3207942
8563504
40525966
5748715
19551151
17217649
7057909
18864878
6497985
12161009
1655492
19686117
10060668
8339477
12308259
2449568
6400698
3341623
850093
24799548
1957969
450635
14188919
28324971
14126005
1188058
18474058
5904952
13267880
3651339
4066024
12374797
18964514
8710673
3251995
11191037
38424279
1207080
29242869
4710711
43308886
1847998
18955711
13554672
6531056
4344672
6539141
1189030
2863227
130892
1210162
30850647
12880460
5927190
13566286
16712372
4907297
11510196
26361137
9654721
1578371
9335992
782399
4574001
15242580
38381929
8015298
2433383
3680483
6452734
14322751
2021417
39948624
10079823
9106073
1127302
3066818
5546306
7940778
10810945
7742627
153776
30007831
1185257
29998445
14990122
14007916
30590948
14294842
2107820
13946710
28869175
23385347
3743662
17687924
12081738
11503913
7037579
2708184
20543472
7838023
18772109
27863293
22652285
8148129
8777165
222403
492372
36841799
18856237
1773505
9825303
20342426
9840128
4205053
12261710
5176293
12378248
2074090
4166902
1402488
4876078
31932478
3832252
4443692
14928524
2134432
2445003
3693107
31549595
619338
5580582
3227043
6445989
10073340
2590175
26754917
16244492
3321720
17939914
26236563
9812526
16314208
8342335
2514880
8433371
1797616
2674371
594886
37176162
21362417
744508
17625995
3205374
13446163
10784945
38627
602612
15268030
436462
363356
25470026
18596892
8886026
14797237
8544376
16028162
9733505
5798667
121826
6398711
1510216
20596750
426543
375656
11867219
3723840
27622165
3516164
49049287
23698530
16003313
1749833
14965982
31599985
4359303
8069403
16857261
19848197
1981462
29560835
7811849
701019
4486085
36722690
6464449
3247588
14921866
23132478
1371269
1249501
8522553
2372249
5865279
9310372
18269108
11331632
23303780
2809243
6179060
10313500
6242337
27608034
30097108
11909424
27977646
2990250
7964164
9514494
29898
1772945
22665930
9345811
12377548
4428337
1391041
165192
43717427
728369
5813746
5249689
1504061
1334163
6203032
25951883
13824116
4624280
657375
1156747
13995612
3256427
10766089
4608677
4226836
1043177
5692098
18331952
2897546
11438905
4772302
9840767
27843340
782115
3017740
10644715
2397276
3355482
14456873
4251767
39394820
7042162
4193898
3597974
4049431
9929951
404001
1470604
34149233
36768984
5052437
10331922
17506539
11140571
6159881
9819529
11037145
17221345
10381608
4690560
20847860
7421642
356699
24818138
3326361
2955959
6401864
20961786
46005183
14605592
6974211
5885938
2275285
5555340
3172423
12962615
6288384
19393272
61522071
1972487
14095997
21389101
5241959
727550
9483206
5388553
8088763
20667943
878210
12632036
4539716
9211545
11181987
2218324
5063587
35556913
4260856
10735071
6656910
5183863
8729827
1718801
8940051
497452
15555576
4553587
31746178
2038384
17573840
34871098
1214886
2334354
4179847
968192
17111156
20868633
1282002
4836184
1125658
9657410
37892899
10403873
4974690
25966942
1253548
4847959
17624558
2963074
10723394
17706980
6022281
1499893
13147427
4989226
18944807
5464370
10188723
4516741
25706603
2260922
10128268
5510479
1780646
7326603
7125914
2058468
41029335
4294683
5058797
29692439
14526357
1244567
17878457
20270237
5141765
8960448
2888815
25263936
1293530
3750978
4916822
954735
16669622
6353172
3210965
3326036
2047566
8113970
4883170
24914406
2496644
16007232
4774390
12266869
22493914
15220648
10916574
19950938
2372752
7818986
852610
6066746
5420623
9668119
9972029
3237833
22083942
25058292
2645497
6772127
8808465
8045829
7155093
3007133
256696
3069904
8172162
2356100
16599105
3736735
14758168
12344994
283780
4523932
19977877
4205107
2941155
2934664
7812142
33757268
6894549
1345039
5157928
3932433
7669429
7005450
3442744
8155250
3983282
12578772
7308192
907646
18570454
8124899
14179570
2780513
11634207
13797339
14006265
23174071
2171814
3217946
8028881
23445879
148599
9817377
615300
11672826
1640619
3747423
10627562
1178397
510362
22348807
5408197
8787009
3251034
7800026
16482456
12726430
13216579
33358267
16690163
4890884
20173279
682916
50244744
1881910
1763164
18760467
2146478
6000868
46914660
1828340
10021102
23920140
975783
19917955
4758169
1032727
5403244
6233033
13221201
1867795
4259262
120133
8387118
3253714
2407626
3125372
56391211
2172340
13250805
1330352
1780180
16482145
30047638
13364956
2838869
44397074
1908380
15874422
768059
1322912
8717903
1820356
2977422
9827422
10557038
6415161
19290461
2069790
29961219
11685636
9485506
7090890
18667068
25012286
5639452
36749951
17446065
6993565
6061543
4365298
2859980
5946838
30757822
3537013
193768
6361495
7073362
1928180
3277992
2799786
10586135
8633604
7940034
554745
4807645
18101071
7820522
1518130
4532462
9249017
4965714
15434254
28628677
4354843
3676600
13570696
13097209
45030
17016248
11009476
31384377
2802462
1329285
2631851
5518736
15511361
32844941
3761636
6481668
4683412
2957289
3866359
13651006
2583289
2126274
1090123
7156324
1833015
11996237
3930863
1539271
502736
9280488
7909196
1486617
1974758
8378921
5203484
5179886
8505235
8639815
47490811
1811721
265939
43021890
2946138
30945473
7980238
23801896
498400
6299432
11101835
6296163
1495049
12713827
1611551
1619242
26841797
19771419
2091769
462420
871123
3383627
5273256
41664753
6358035
23276549
7300925
13314494
8165954
10658828
23677863
28745273
437950
7181966
20414406
20566270
14169896
17272226
9445540
13608723
10987695
446188
4339127
16361328
8855568
800503
5983651
48421524
18589853
12880870
7101268
6906419
11480434
387310
10349101
18464056
3283568
8304887
4207361
9038
37872381
5317861
9602565
16818849
30129321
3655829
1016650
1737745
9211283
12294766
6369223
15073310
4686053
7403826
16198010
5522759
19878209
495146
7556506
132876
22869433
14490283
16521018
12586385
8919747
2819736
2604306
28919470
2934962
9980869
5702115
4677869
4742622
218144
1082812
11756439
11391823
44981673
17193389
12694449
4213090
21012589
8943326
5257838
18842975
55245
7445282
2133265
301137
734444
11762788
18571963
12106155
2984820
7418402
5033917
5965274
3933204
981244
1597391
1076885
6153297
14952130
8645095
3168482
53676
5331704
3324996
19988518
699313
12446787
2111760
2161119
45164
3811511
11704463
7417916
11376102
16935549
15319206
517070
2509814
969801
5432900
8614062
490416
3635934
20951679
15200601
7369815
1200553
9504037
7958725
8721150
9404757
1744619
3671865
1555439
11631127
119508
25832633
8238851
3492183
9467899
5902499
5263607
4527463
20317726
111169
7210080
9888301
11800105
28039110
10578918
28035340
4528394
34032105
6696552
7527605
6686864
459233
20409674
15302715
1370806
5124410
9741145
3438790
14933162
200198
1412488
5636558
13830106
1714491
22608919
7501581
4967427
1929916
8491411
4628143
10641734
9560542
38480277
4665950
26674354
1053021
1457389
9744064
13081466
4891998
14350013
15281988
4770153
2614266
3387390
100909
57364
15841833
411900
5093880
5165363
3830901
25154432
20224745
6578950
26428655
1564233
6161615
294640
3112973
739943
19303148
23667379
2704011
29048789
9979430
5678533
6729875
1421337
459864
445273
3237827
7433846
5967623
13950272
3561504
4017526
9261710
17194956
10224312
5522779
2985661
17550662
794406
1853818
6156538
1295701
15906757
9373901
6669171
828917
39445655
14705661
1248966
10472370
12981213
6136745
5734113
1814537
1210456
8178613
34530780
3471701
1847387
11675155
1577495
551779
1769779
9625632
5146330
9048375
249469
13996239
7215678
39024484
1122597
5277932
5269401
5203331
48728218
8997775
4437176
14737317
55855260
11689049
8033991
2109714
3183015
8514736
1305950
7824089
12981189
15921037
2437697
11882154
7750189
26627459
8066366
1258378
1280758
8127134
6734073
17144381
2933729
8140770
1844108
6129676
3057642
4085887
855650
5140617
8591557
3005669
19671880
7363850
9376199
1895173
2762704
12859506
20058367
38025590
1395989
15654101
5565793
5042446
5895136
26246252
7662591
23129795
988436
8220967
94092
8805211
21536102
11190499
36357559
3454504
25887790
5895589
8342242
840306
4927774
10884431
19555994
4231147
1774411
10999315
4804588
11621049
8361530
3002458
15925244
8923384
3238857
12386773
5178562
14602457
5083290
4271568
29400624
8047426
27323998
706778
26845397
15420586
2394085
24611582
2786577
18098354
11378644
2287308
26262673
2050353
3381751
2557007
2919550
19693449
9644940
23625510
3005344
29713464
24571822
4169319
8819437
14862085
28956317
20035572
8166940
11834700
12029979
6324391
1533856
15551205
9221676
1372286
4326225
2435712
1073282
284181
852870
1833230
16295313
6171215
1397768
3473644
10598910
9357367
1819619
834254
8781770
8437257
13049249
9863095
28074406
1570184
11950267
6154576
12925940
17758975
2752425
2429849
6203004
1514921
8178265
6651334
8068097
10211470
4172841
4122082
8052331
7613814
258132
12447847
9940419
3353527
3822602
2661746
14029694
8229892
8336218
17727832
3955025
3102494
2974377
4945463
6161634
892923
3152933
10499321
1483510
3024376
4030279
1995809
1312683
14327879
7557694
1906069
37154131
5710841
5004201
542882
262444
6805392
19147267
7545802
3160985
3334767
10215969
12249816
11848932
16434126
19217581
18511876
3113276
25099654
5786194
9196517
1922853
4030556
323227
84954
12084060
17189010
678556
19068378
182176
16217983
26991406
21270373
1851161
18570242
2573206
3048739
5557110
2868372
17980928
85959
21273549
15763735
4218851
26514857
11853004
31624723
7678574
2936229
6748560
682303
9665728
2649686
12607025
10861806
49678
1534619
4083304
6773061
18842774
4129417
9515525
2485845
3393301
4755184
14297121
5950109
11328503
9420388
3056877
1614177
440187
13505936
3976184
4326553
13117092
29132449
4421416
19248449
9190223
317551
2543346
1900433
19869214
19727890
2379891
114435
3425282
1394958
19259524
75170604
4250907
5210622
12854069
26509399
37459295
29585272
9037321
13012646
8385340
16467398
30795635
3795500
2613821
2996679
1492024
12205119
20139289
5427518
2702046
17095966
31282509
21674905
11657223
3833472
18205491
5684102
41130912
36395158
3086672
4933261
8164437
5742749
3967908
6020779
10060010
13228359
5462203
5842433
4958577
3181877
8283198
9251933
24133817
3741754
1109205
23870324
2099971
12566616
5533912
1916913
1006389
30959172
4168147
27244207
5913927
103864
5034701
6705414
12837448
18688069
19110175
15477408
16545800
11027076
2664747
117767
12257371
2226577
4276715
26874485
7671037
3535136
3878866
5030984
550943
5512939
23523754
7634666
8190099
5133418
2509413
2480354
1095633
7454958
19198622
3142279
165078
8630217
33076642
18687881
7777550
648723
515120
41299973
27071433
177074
3628733
4841870
2011452
1674176
28862952
311544
5972543
16948918
10053812
29289990
476198
22441079
30657990
3246208
284107
225508
5074186
37720833
7351195
1036813
14114490
3917214
2983287
14264320
27745753
1574402
7664329
23010917
22855038
6308977
31435
20046711
22501737
5868793
26657861
1373729
10800195
35997618
3606534
5387395
25571282
1766300
477605
12187486
50832172
6719154
980038
1863237
5732827
11568262
11373467
15915052
22595593
16623508
2257184
5362746
742475
20203880
16952821
9597352
4534693
2499231
7387694
30888193
2367830
31649678
29543103
3332705
9560542
112959
1328095
7116973
4509515
29571355
6145782
3805502
7339435
356668
10834447
2518593
5995733
7211413
6118917
6135838
994105
18713525
11131974
1839104
22914829
14274408
10445333
12897166
568267
3258151
6270461
2945631
11072868
502766
7750331
21809173
263721
22255072
15001274
932668
717494
17894601
3749227
10236949
4274247
16821328
3323171
17945647
18477955
27213110
3266862
4160477
19330457
2752269
207873
386439
3623702
6334163
970579
4947971
443501
72772
18662917
5426253
11691993
14582207
10019714
4262110
7997438
18862847
8775303
39723964
9496503
14848372
1812793
4308106
2519203
45469941
12795238
396816
2891745
1079392
10453701
515724
18349799
1695387
55338457
540095
53534077
4725920
6207051
7921104
37666011
1176158
14509053
7232392
3589189
14171047
4896963
213182
28938719
13337480
18667216
1807971
1302467
26641794
16756070
62716627
3068359
46718790
7227076
8444923
3708527
2101411
140981
214696
9911308
17550802
27451398
13790593
3732359
10594408
8253145
52955821
2232790
11620045
30103769
28684055
21114503
3641231
7677524
5704674
6219636
11807865
16297143
11412205
10974406
5442299
13416
38435222
988655
5794775
3783967
3751219
16810440
21072161
8645428
9779999
9592673
8109462
6090216
13552924
17145265
4834133
7007189
13927076
2645762
5954535
1050881
7363198
793127
28861000
10709862
5492267
5137893
10727756
17902546
38286211
6156843
3281764
6100663
13759315
7179136
5119369
21343700
7650089
4910065
5907772
11044982
26250
28866854
3255376
10937561
1143828
15774189
14666915
28727854
4464874
6246683
7499156
13802837
521038
17455431
18975751
1248942
18576413
591324
8513980
8812713
490211
1215384
8908444
172998
862848
5486269
11391214
16588993
21435349
11135519
6782996
15128866
17929081
12553220
27065092
2468079
10669703
4083621
780637
10590409
24225576
11298015
9491197
9587759
13992347
4391136
1637404
392395
18659224
4649413
21924206
837649
3907445
9131525
3662425
3182199
2992307
206976
3882883
11955004
9105749
2017709
3226529
9233300
3450094
828638
7494262
694544
6792927
3355304
40421773
74812
13900216
5154443
23552466
12586045
7488958
3766680
11766352
3983904
12767842
1468171
8454875
4793433
2434423
13059229
10855915
12172721
1655171
1672535
103956
54509662
17516501
6102174
1745009
701495
123649
13261162
4940623
40750045
1109432
9842451
19355835
2511213
15502192
11426075
5953425
2587864
15714992
266271
13451751
1100558
1963913
12120956
6237226
8151768
1735929
3374997
25666639
7973826
14786187
2393701
1017289
355238
16563965
5119721
1057078
4446142
953694
9928448
15709708
2373634
2140898
27479345
11506647
20695154
5962439
1904272
20952951
21535574
3422103
1983717
4658704
13549804
7211483
13425397
20837585
399932
11174429
16444091
8176687
66094982
1404174
14608666
15575491
2026089
12891074
17052627
1255272
5392535
22516347
1018013
2638676
43161414
6420034
1583972
16004293
5279895
5256414
7818481
1072575
3079748
16890401
1428517
3926491
1525457
30531469
3344217
2991331
467324
2950455
6395296
3713566
8569166
6433883
26773914
46079422
14543121
3870450
18904386
3713691
273642
1834470
197914
19314901
12941905
6441267
52627365
7558111
2139713
17953827
1912624
129168
3721554
6353300
993844
3558971
9848474
5313839
2726046
395501
4954455
2250452
13226988
1426293
1268739
2830154
944665
22121838
1318643
63655482
2580672
1193880
8985404
4712963
11395837
1397318
5104937
3048772
19218298
20572524
3723670
12715122
16622136
9414733
1150528
3505988
10649766
953194
6251778
1201451
8893341
3083663
43564922
2301108
2592459
13710203
4619697
4758812
53749368
9786899
1497089
35835932
9519820
6403815
9895082
21399200
21537913
8255095
5409885
15015471
25919247
14489527
3515510
4029902
31663737
7299717
117362
12612571
4125038
488742
1060646
3781140
2754349
956919
8287762
2149484
25366105
5571497
5895680
15502136
4558434
14409726
4549145
5295649
531115
17251231
1135118
640642
3425016
896674
16981471
3707155
13020919
9226675
113634
3175850
2171292
27255479
13641451
1007921
3928648
20653606
21825764
12851287
2163403
8155492
13440626
14726374
8074580
5011186
4202541
22141524
7298083
2082204
18126640
4340775
23559409
3705530
1653109
23147157
42943967
11943759
10304623
42481853
2804415
22095020
3383223
3171754
14521082
8341192
4990740
5925696
13872024
16921318
6566960
843359
4892001
5575924
7832529
15901768
11256515
10044000
3936040
14033636
4660521
1233906
17247127
12292540
851462
7796543
14892386
19144004
1512305
2607821
1436718
1479566
2707380
6793968
20724060
17157532
9666311
6418182
9115544
4533788
14129082
10933322
1939886
17123277
5817954
10033845
13670847
5403444
9618542
5341133
17084595
26605236
4763068
2690274
10698496
6323178
14387553
1256429
3669372
6823429
24791954
1359652
4660656
316697
42501562
8841542
23519975
1645052
4476418
884040
4675786
9522581
6015687
9560595
1676251
6385851
1808231
5521269
9658763
1636954
17677121
42611476
13069353
20029832
4008596
19036847
6732846
32317597
237817
1628116
1035572
35855912
8439778
5214551
1042838
4223656
15069960
6145076
9468517
4663108
26043196
5199491
5064388
19609719
5081267
2579828
110139
55102531
1117494
20738377
10855362
24999424
194916
14284360
2032997
7005953
5298976
13741833
15896540
14914814
3408573
20823144
7789188
19540556
3156425
2490700
2594240
19028
3969824
13856537
284096
3653551
1722253
7841135
1320121
16424453
5529921
1605408
20095207
848870
58273430
3791226
5273256
1342349
3374219
5098559
3195205
19025038
4762114
15558467
2137714
8767738
10819559
819634
8384899
1157206
28105339
1603433
7658470
5495454
28220488
2334403
2677318
8068881
5011454
20387368
18656997
399263
8813916
10837000
6671351
8863499
1991080
23542734
4602944
27107031
2462903
27473361
45541347
5076397
462597
425654
3327440
9058783
12973160
3571160
31755256
9126282
1054025
7029620
10474445
327372
29153
10998928
2205071
1138550
53089619
4887856
438219
2133483
988639
11165251
18336497
7479922
9647740
17344880
3294556
8284016
5917634
848262
17063668
39983604
18926859
3978308
13855343
9176934
8391824
2910632
2902224
3847937
8649475
239861
3244239
14546407
5765334
10830950
7470561
804405
86479
12715402
10340515
15008403
9003165
10737237
8505057
17091731
34221870
16396295
16479040
17708436
643061
2988503
2580373
5360128
30957083
21441404
3882218
17002968
12392237
8972006
18405034
21911805
4898921
6692878
7112448
8720813
2243708
93631
6059226
28485014
6315815
3316609
2709321
5969605
14090893
5632250
5757439
14655517
37164684
4402641
19831899
5249274
4948632
613648
71135956
1601661
6543630
1050746
218071
5561172
35369801
7365730
8483759
3968773
17204901
13460422
14725700
19980458
2993635
23890510
4736775
2200629
28533739
24622990
14763037
8182210
855761
7436328
23321525
3670439
1173992
5617578
49763
915645
6363532
590533
467180
3415951
3937383
924586
5915549
29546638
206433
2549730
2175174
33386243
9239937
3855374
2778292
1001357
1919715
22185507
3268171
42435731
14725784
4081547
27080905
795673
141008
14765478
12466899
3919620
26405315
7454781
6675731
2014959
3267133
8106625
1375266
16563516
2895638
10991375
630065
37626105
8165532
7349329
10150450
21592849
5703571
13142402
10121415
232901
1575444
6529159
5686508
11319390
32514331
3103053
2043916
6256101
2028191
2903630
9586285
14203719
4933923
11784085
3466713
759354
16627700
25504661
2053700
23843461
2727202
4061170
2651057
23932565
1524319
15619553
17856029
3977174
17888814
4582623
9181936
3485894
9992918
17430089
101097
2534024
4005405
5061018
11936046
3999784
6581706
8011477
14490473
8781948
8652015
11666883
1316149
15438139
11305693
8197935
562094
5577180
5824855
2088011
7970672
411389
32989295
2421563
7911635
1809464
10148350
1308179
13603926
1046391
2248691
5113165
10074883
885864
5708714
25853164
36345236
2105098
11172816
3296869
29480102
15014117
8800212
13399062
2799542
28475810
457102
8732802
5557363
4719697
1496908
13045836
36883
5074543
2737054
3035157
4481150
8763174
6594403
5894663
7203586
7303507
3810014
6955224
17748058
385928
553308
4033413
12719090
1756519
1963465
182221
7800848
1742316
11410440
1322110
6343045
6835339
7914722
2233988
2198851
5467927
3877787
5647953
7490674
1098905
4942864
22417261
5891925
7080275
12296972
12729232
18423194
2166329
2913178
6804387
1232290
19348320
28042893
5235132
12928769
43156521
2530000
32586513
12093369
10118809
5063146
20955333
5564007
5842339
9281122
11375428
7642046
1869876
2425078
30054072
3369336
2573553
1209721
2856656
5385156
3965924
5635131
11166794
5423618
220850
2023415
9840029
12128645
17511516
910963
9483559
17296262
9016249
6436166
3401564
5184103
983209
483146
10804662
25458760
9041934
24413695
22268964
7762408
9515756
1030275
3057810
8311049
20308272
13177302
5921009
13893116
33053714
10572570
6368071
22632732
15372668
1212884
12423023
2498228
35122696
1366706
12845990
1062471
3502696
68048
7848757
3533914
4656537
11833183
584955
2511121
4944309
9916993
6963515
3583470
5883304
1137199
4811642
6059454
2673708
35340528
10239954
26132464
14064667
13037211
24243290
2593624
12552347
1466257
7426360
6675613
1286496
6327003
43202154
33688154
4546431
1020182
9870676
1107666
134742
6235642
48841463
13880165
19439632
10509982
21519256
13511783
5967343
2035664
6417610
24048678
502544
20793394
11201159
222798
9215424
47713406
11109519
17418302
2221553
13860898
34690191
22670046
2751820
17436237
22011747
6732571
1711882
11846624
9641352
2021294
23127307
29874804
12310801
10617557
20813994
5075907
469312
2526489
8913502
25756021
15447352
26023426
12203631
2105624
146410
3407702
6212676
226579
8812596
30517369
422396
6866128
1737804
5442208
381848
7040026
1452822
9930982
27681038
6471856
27836352
18984345
217161
5299612
7837671
12806082
3817805
604118
3961657
13203920
4079
13911032
20394522
326700
2982450
7912952
10854588
14921403
24586201
4644320
6906510
6278643
4107834
12573982
16775550
17883357
11792601
2276082
5274860
5477049
3593104
24387807
2264595
23664069
13708338
13158744
17749557
660445
7590829
2816102
2601832
10570335
770771
15494351
48796143
13826893
12388874
6651421
21378656
3145263
11634182
13893409
2647445
23778485
16717302
889104
7074763
7039198
3083205
2089377
18711648
4013711
12169662
117785
5693670
5876383
333418
19177606
1218901
9710444
779409
12992396
11391343
8426915
16796779
10360520
17749320
7542505
1404093
3093043
15909626
1786635
22776915
12463419
6945023
1481780
3729532
8531591
11337935
12808601
21438304
1196584
26418818
13058744
186769
9586208
29351584
4396469
15555729
897525
1792921
3052657
6367281
16149191
38212666
9153335
32538738
2471441
2809822
13252423
14297867
43316782
7757177
2137862
9231788
2216835
13766966
5755465
1434357
11015280
6615071
5239684
906010
8802216
9039989
1352007
574783
11741704
3168945
3666374
62205164
16757806
12242280
4857613
15401188
31132702
16381461
5024023
3407670
4204794
12589453
22775934
4495933
13938036
15339872
2902004
1594768
96902
43557702
744082
13883519
3436368
5426284
2919178
9938105
5324343
10686690
13597783
8357850
9687725
12224562
367794
2418882
6521546
1794125
1244790
10877967
403150
5234242
15196830
21504420
10291705
503911
27360561
20011303
41883579
36864002
6345751
516010
7960080
26329350
7142771
10190730
14941950
18170897
14251756
11331490
6759820
4910174
6864856
10078028
7664179
4110622
13983518
7881727
9665528
10967125
10319349
39192103
7185292
3214054
4659001
1366382
15388407
24514255
4388305
7705829
7578516
27246
3440248
286150
8856151
21282480
23986466
6971433
6462753
13288479
4884332
2208388
13944795
179586
11725897
160733
4109056
12256987
11009400
9006465
3054092
3697658
9694260
34677504
27999051
8995170
1232190
8976205
3169043
12806280
2799931
260498
9078803
26498832
3495439
90919476
14192943
49220790
10338380
29620177
57793
1764400
6788649
12520426
1268802
2812220
6479422
13161809
12267587
35866015
5270209
14897033
5928559
8671130
5507757
1420296
11664565
1283246
1502019
924955
22843988
901567
34419618
2228944
51962276
11003726
3172786
2431845
7636600
6675286
1932702
11330614
174363
7610398
51547390
1938206
14781886
43365476
6607216
2145449
15249490
11533448
2628790
12129894
829737
450743
5673452
10213042
8633990
19995735
590757
17841583
1579336
15522748
5551171
5942015
1774380
15091242
10653092
44514878
17164489
17113091
473783
2575804
2618050
1148962
19636024
10850886
9925718
13863722
12168293
6230453
10140804
71654275
4055276
82
26543965
1366761
6189311
4160756
14201226
1139861
10162821
24316006
7601273
6465466
6484684
3567949
20084709
33629737
1333715
2921450
5197172
14033684
4261980
6714563
26913994
18167490
11345712
2711639
9617989
4816658
2223160
1445459
587164
2567569
4087291
7394140
16672615
39490159
10376999
2831578
6236343
20932380
2232705
3120507
11940168
995001
38877743
645587
18450287
6884553
5991362
4776736
22886569
2851100
15973652
6219069
2223031
18882285
13218500
1285705
2755984
7457599
7051248
26113750
7558343
25342223
12967470
4563085
1428293
3551485
10244940
2920367
3160944
11724245
4534494
4341881
11357162
3700389
23172933
2990535
15436212
9807497
8393745
10350798
7334119
21267014
1376751
2811067
18988704
5362393
333915
24502992
12167913
415068
30524588
20713594
34133487
3626351
1268235
138600
16724370
36694227
3740121
18121891
2905729
162531
25408886
21724384
35566415
2312535
10825029
4450588
17349046
7838998
5434725
21525800
8371370
13665393
21130
8635547
4546952
78773
781727
421311
29467155
6141607
23234296
5468415
7112373
4521015
3710990
1894915
11829280
12352330
5323720
28904885
3512375
7395007
15334176
3089661
7675208
11212930
6101637
2029952
4739800
7956377
658799
6617318
6820177
15916770
7095539
5828975
5783130
1608878
182549
7028101
1330929
14975170
180482
70983592
5680727
7684391
17272642
16594984
2273584
1580724
12197591
18195183
8300324
1635860
11046647
1948094
7113428
945189
5401370
395704
14349507
9629927
7096086
12913090
24283278
4972247
3966974
8835716
5836907
4255110
6934626
5886458
2268465
2386762
10658083
1495904
11110712
6336369
20013122
19927847
15245080
652408
39866640
933335
31052025
2538751
9884686
9482092
26079242
4053886
3459840
5545255
4623901
10049530
10643599
12009201
10339112
228430
6752739
29862424
12811368
15214824
12400768
1892999
910277
3267080
4020589
6656859
5105067
7413891
16656083
18157335
3661956
23170919
761047
3013267
18225514
4729798
4776004
14564086
798460
17763666
8153734
10167720
15788682
1047584
11137160
418213
487161
13094189
3649900
10396086
4592378
16805139
3384843
14041444
2652755
42231782
2083095
24236262
14945362
5140889
561421
6528031
33405500
4346539
853179
8731773
16939423
3132914
13572885
12816613
521228
1409983
2041102
51615078
2857387
34688010
1408776
431327
20043241
4099118
8751454
1791177
1181925
8896118
15302956
39799416
21863878
1311710
18437145
17200089
17807099
8972273
35884723
22742335
6485267
4589749
1294930
21081507
6251489
4705738
14854331
95767
1792538
3914040
300170
16759919
8645691
8628666
17076646
2988632
556343
6241799
5694307
6493714
2044257
18875377
4566491
12477290
5803096
11024815
685030
10240264
1770016
5675713
48458306
682891
10718958
7950832
9477128
11849274
23100125
9754527
8733956
236281
8930614
9142028
8051010
4431794
42215044
6783975
26928287
3242671
486309
6906405
6319451
6542178
861670
5893809
1161475
9396799
14207694
24759555
16850905
2791572
9713952
4130260
5625513
1026323
6987135
1618854
2629841
2717564
1639301
14886592
13307177
5663413
11624360
2267938
4187240
10526837
2267059
2823117
521201
19136561
1518760
13942929
4957797
1417857
3236779
4344693
6152403
1368241
3975850
15288472
3569585
140860
5044616
6806008
1716418
24527283
12849001
53511466
3262042
4248837
6234500
17630562
10248630
13657293
10719597
2843728
2970081
6466264
5789049
7267517
9460415
1034911
13735710
15599590
16197028
9112973
46177069
4516999
17905172
15488313
8551958
23758677
6535562
1404577
5628683
12436427
4593178
6291260
32055506
470209
46792462
60265677
226735
15012822
3589996
11111984
16510773
6755667
3529742
2542674
1062429
7104011
14455741
8022285
6039820
23069866
10926929
1923037
3421715
20915662
1351407
3148910
87622
8148657
4753886
6598880
2736068
981768
7451736
7931748
9154698
2643549
14249574
406317
9102908
5696974
23523808
11003994
5616032
2447927
10023761
9566579
2361449
8456403
12590278
19365847
5769299
2076120
1046413
2135823
6450075
2908127
11667552
7712581
4784542
8111477
16917542
37826286
4241588
6753788
9972816
9813820
17098270
6669612
7080184
1848745
9612473
11479802
11802568
5800501
455344
1136792
10918041
5052476
4487686
20628628
12775759
4953948
228996
2333505
17884683
25802983
6516650
18334877
17302590
103839
9728354
5461631
20300069
4354968
3293586
1342977
28752511
9258228
25367154
15623980
26737359
14422130
22681326
11005659
8885500
17913591
9322634
12526820
2738354
9831140
10770459
1143009
2947527
2316496
45554072
32417109
2737008
11163652
7008876
3252014
3963099
6356019
12081475
20422498
13737154
2060645
3359548
23660347
1573035
3003230
4877425
5685605
8622310
7829769
1752142
760688
2035635
4173072
5528608
10395796
20872307
3034191
5110042
5848672
8960839
2930151
277581
3779344
34295885
21431971
5996198
18461231
100642
1452997
17462501
5566986
772822
35964145
1213870
3853541
1183611
408656
1553251
29743705
4853630
1622665
6222019
11300186
30329551
3448892
8824989
3925668
14785035
11850065
24097290
1742145
5303283
11882614
5434708
1906335
11426274
9513741
872689
4099341
972474
17690532
5558798
4581078
4938226
8316284
1816828
28416558
6994192
33885975
2349125
9435662
7054149
14369881
3280033
25364184
2855528
8760624
1142807
23821374
12679570
13033018
3115539
5413891
4813183
14131964
19604883
12971907
9969197
20003398
8153444
223333
38681505
12441802
10360382
17467155
7415645
33067287
16024959
733651
2425462
2391414
723659
4144401
5692993
1739121
3984911
3288323
39254438
1633146
190134
15219139
10733907
6834922
5293792
601343
45067009
30443854
3074157
17954553
10888112
18732596
38499334
1272222
3927684
20488250
7471564
5707596
18874359
26410448
11724191
3340195
8329350
19402011
29044752
27327884
644442
8850604
5087595
8258319
4481680
12681538
12113032
16962016
13058877
25967544
18424034
9809122
3433543
17001055
46579876
1594793
16153797
26505926
1016597
23907317
12413071
10794957
7192148
8809152
1367820
4141198
5143169
13824291
6536872
1501820
10769252
2694355
946494
14034423
8452419
11835480
10153106
17521079
11179762
8719038
60392499
27421027
422713
34931491
12104709
7902888
3153469
10193120
5370346
2701180
5016351
547400
72606
4473941
3445600
1766769
13949079
8540918
2055210
33223198
8884225
3027109
9061538
8215671
5042816
7354202
303953
5866125
10021398
9948673
12126689
11332313
19650209
4430874
1218457
22009181
12721437
34216011
27539511
4848779
703375
3176367
11230915
3529910
5045026
3899324
6749740
5811064
17343368
35775244
10487314
71267
6464342
28059584
2852869
1059467
2834791
763722
10746897
1072396
4913362
23819974
1459086
32527143
155146
4830365
2282709
10168896
16908700
1715072
10245543
32171938
1187654
3190885
10506928
12852233
14474105
10900235
2599810
1024846
18113324
15670740
4212531
7607289
1805036
23871463
4617560
11004094
8545143
24562
2250428
13206795
4471072
15095269
3261862
4469742
3464226
21974782
13365364
5571302
12774009
15248592
19906312
8019321
3080759
8823677
519842
11307879
8938240
8752724
1199401
4773950
4894372
4315160
3568271
367624
4142328
3660836
2782213
16434303
4736612
11920153
6668142
3241022
16473803
19612206
32531190
881242
21598662
5344902
5911143
924957
380309
2985438
3329316
5072367
3606716
11263651
36933229
1901886
9432435
2934255
22181860
8203612
4776013
1131383
5666223
16134638
2420865
3902982
5304538
6638839
8101882
13960994
16743473
35481614
26173598
10901159
1068424
8847606
12719137
14382497
13527858
16115024
9465720
1935062
5044392
41158043
7860611
1092452
6427624
1250666
2371310
4262727
6751708
6868200
22649095
16465
32767954
5510990
199306
4188953
13073458
1850226
18788573
12307705
25797218
1837565
50283960
11818449
17753105
13612249
326158
17758865
22830083
3577717
9349619
3519821
978883
44549098
25002709
6809933
2461340
4406815
10588695
9111225
23335832
603784
6848008
22405231
639138
9604171
22230697
8805672
1564781
6535832
15848266
15458108
26042954
159235
1637851
7942822
5572388
21932933
12343503
6158475
2814573
17779611
7533886
13233346
723154
24111134
2345587
18686042
7758771
33119518
12600454
3059868
4554694
30805943
9595631
7943394
3140605
35498383
5322163
8966796
5512678
1874288
3297745
17402606
4665251
2546819
9288676
25465188
45844802
20066914
12765677
1543183
4365888
396133
2208801
18044555
26016166
5835156
17168875
348588
27975892
1435657
1399900
5428019
6428036
23048244
11265030
4764222
464440
1984898
7813483
4081824
17341418
2647004
9468997
3931778
1263454
17884669
2546482
19073803
498436
85140
1732344
9183337
4847849
10940109
19126746
10070367
1322599
8465870
21633171
8023020
10985894
1070707
1591016
5597570
14503016
3789190
2251612
12927844
640784
18899824
24736280
15988864
10079346
6077246
8226113
4280365
4491790
4933094
16467940
4568682
5448751
8077157
27677688
13423834
14885858
6778211
566598
2093684
8434844
4741852
4443818
5202212
23202152
7257033
6944031
22946299
13759613
10839935
11193684
2724206
2679635
13091604
1603539
7365450
17639274
7372162
1421430
186777
9980324
4010770
30078393
3158288
12316821
6253659
1559462
16641097
7551483
8001248
10091318
34071938
4492667
12450745
24555795
5609787
119701
6724595
19590640
5325320
8776307
8423208
3362116
6077691
2969425
12940716
1510564
13420434
4267222
27813485
11541567
2322633
183960
1447374
6876083
3942720
3310756
3535061
18213160
25335908
6812260
5893742
15544832
18874140
20349008
1654809
3220107
848859
7407517
1330879
22565963
1203026
5600981
3429283
9867951
23367651
15219686
4059339
25613372
42158
18902037
1665104
879587
28728303
18836580
20243712
10113369
17237354
1361998
2851441
1061362
2646126
297954
4563612
15438271
2562917
5685780
9953920
4929102
2926350
220170
5060658
29843698
5381043
4486609
2460847
798032
15696972
8920207
3220187
8739919
462689
2879770
37449186
992521
1721530
7262668
6575957
1480732
4330738
21977679
10085557
4766353
337426
15384414
3762505
4775449
1519398
24333604
14060810
15928394
14941016
12388511
148954
33860591
3666490
20433790
5887256
2109014
37971010
703380
3530183
1298880
1681003
1785845
11226904
2636807
7338682
1301049
7394023
4062062
35588897
6925951
23825722
1454857
1226976
39225706
9616156
125830
9130319
5254440
903579
5774407
11666497
4148550
3320303
13610362
106388
8989623
9831992
15817300
1080550
43272844
13944405
19184659
1983932
22722099
34176546
10899523
7624220
14908064
5262747
15982984
28580843
5099756
717781
10858
5795493
4474722
19813354
88588
8560134
9524649
9092647
7522637
2823947
633238
16413669
7579657
3898982
452900
8857004
5390777
14856656
11512852
16977260
5327611
3231277
10145045
5595163
23394251
36600949
6816467
6877654
2876106
204582
14536575
1639254
5378763
6435164
8752272
9855093
356821
28440922
788215
3253453
2013255
14752206
2701588
4398554
15036648
17730158
2309976
1893236
2834962
214025
17064678
3373252
2094105
11579141
1788783
12704215
2823421
26916045
3710796
1172120
33983168
1138030
7621309
3948076
2154387
11965958
20616834
6070412
7219877
4579466
13891732
38393030
1453954
6309267
17615654
39318239
9710549
586708
1381647
1604605
12617059
4858421
9090244
3135861
922344
5404113
20901756
3784014
6823764
5176063
19558444
3246651
6508067
750329
7127915
15306806
32349630
2182318
4079316
8467183
7578863
21568112
3421592
12874128
14139082
11296063
6717065
10970625
23789140
1147029
5653562
9688989
17081289
25323049
249094
3406681
4620713
23312381
1289447
1638355
2088001
4196443
1696361
5224408
4298209
15063274
4736242
381629
3205858
33373431
2337077
8430823
5555723
1614585
1969606
18480553
25328865
880625
6150337
7608185
7014164
25364315
10550687
2882959
11826833
12289159
4870935
17436976
2859956
3171870
4850743
17648508
954974
14640450
10396386
1714147
8326073
9939024
491172
4355378
4853695
15199354
1775536
2309964
17069996
16023899
6297228
10742202
17804403
7624796
345326
15575541
2858556
5412661
3691409
470280
2389186
31202277
2377708
3338009
2171971
6108415
1592410
9119218
1524751
2827567
6511164
43732339
7750409
20235913
14896453
17985953
11725584
10674299
5517183
23078017
33237159
10003328
3059703
4048129
5252733
3483716
15533936
693470
10953419
9448213
1403029
7572660
2537464
10766113
2811651
16756674
7147063
10151217
80657878
6225407
28852624
24897388
20065312
5905062
606624
791216
2917992
1792439
5756213
868608
30696370
625004
1229894
4166861
2511456
3026436
9095215
10421746
2493291
3166462
1901243
5560629
2221684
15432995
17340475
4055657
3886693
16083513
7634370
1890433
8715555
9373921
13035792
20361898
49453356
4238471
24375793
6765539
14469555
3419579
8044668
5113092
15985465
1650102
795957
812209
8911921
1269205
9348084
2680854
13803848
23330237
4946909
30229
10775918
3084332
3036802
2775500
8207622
9709331
4334570
17112483
15190264
38459240
17730483
9900662
26667701
486772
7202539
4570542
17609689
952016
23922095
5003009
37352282
16452960
27468559
55554097
2668848
12730330
2712223
14961737
20906734
16355648
301947
1449947
42142772
5454773
16877955
8649692
10141216
1246571
7958315
1439146
2364746
5464013
4848712
5802280
1106972
23539811
2310017
2341495
12708942
31128329
27689759
42278214
2239516
2603483
15853583
2956718
23050746
8194601
2612624
11787576
4652741
13021892
3994104
13341755
14702074
16136172
4830789
7039420
8402786
14929847
16441841
5499746
2820994
14266198
3290950
7967027
5640973
4761764
21286912
605603
13281165
606083
23741754
1705298
11889898
5215235
17233668
3948110
6104951
510238
34365738
5186537
30488064
9945726
1414185
12239336
2958629
15077704
784011
82838
8846675
3751968
2593450
788667
1310941
7058671
7389701
18075589
15964310
10360340
10279619
9344598
28661375
3972047
35982047
5137902
29801395
15266291
33680911
5754578
18459470
8933844
16735
14240631
10774895
28653225
5662759
5464101
165376
3952145
1245233
9837011
5057343
18928272
2424040
22518635
1468346
9195457
17765362
32778260
1430149
1029884
9948791
4578841
8134483
3165368
1571216
1869548
1311056
31015773
12832071
10013897
5633310
584110
6401687
926599
15701048
8890022
4477670
4237577
17317124
28751205
6647213
10295005
811562
26579108
1413391
7256484
9880567
6834321
15536831
8285463
10636889
12184632
5315795
11101891
18967416
8328526
43764501
2706046
10339586
11039487
30632514
3927157
20823655
9109190
12776375
8708140
42416295
26020963
2118706
381918
30919158
5980761
4177800
10939858
11836064
2875292
1739804
11387729
20623169
10178042
3203975
11306006
10498012
22269210
18162914
34197242
7239771
12163666
28979685
21931546
4979647
15233005
21212310
4720803
4652192
7618985
530259
5769509
6573859
8008985
12258925
2517245
3187147
22209297
12128819
4052771
12076979
4760893
17242050
5931890
1014896
17844776
1661255
3799173
2483319
7641279
15415130
3122402
11985145
38832955
483752
10540558
7539793
31461718
2005795
8350698
1400186
14994021
10639204
10885129
3263925
18707650
8337001
59925
995750
7145181
14935913
13331736
970310
4512395
1950599
14020476
2350366
12881371
5764790
3087560
9613336
12930922
6133801
60189381
6841000
19183680
21667160
11573863
1675330
2205333
10266941
5544165
8149313
29384451
6332614
18132262
15119061
17068745
10973653
633581
12065816
11535548
13586409
34564866
262634
5687910
25083331
15815529
3250055
15018899
8410991
15670368
610236
14601424
3148925
768922
2240292
19702322
721730
9314301
2143319
893506
40790996
2592279
25208414
67827534
1970893
6112817
1315012
3542432
12320830
6492739
7344735
5222440
7080769
76147
32873049
2119439
17069254
8247670
9045383
5958340
5583546
2880536
13688691
276198
1320088
3707432
15789538
10611700
10715119
332649
10433792
5187970
1214770
2845830
47112
26995070
28737152
15111011
11421225
8060555
15005284
38026434
13244884
51523773
10020794
35475146
3427288
1524278
3430078
1315514
8647914
3019006
14405727
8245165
14331398
14222660
2048416
4196001
6589223
5790434
12689852
10564790
548743
18159918
10682561
380298
19362335
3258596
2238953
134955
1149543
7058347
8226159
15629121
10084698
232392
13049431
7987041
15752526
9845861
30971332
2587255
1167558
7478229
4408312
5304495
7896247
7420166
1861111
2549114
148128
1865546
2476640
38043421
8320
22153069
10157850
19745796
4560506
15958353
7170678
5955648
22365028
4706630
6837786
2969209
7781415
3757672
47305105
5071461
3059476
10288679
10098588
62214890
6515197
7238192
43502750
754640
12706707
12162240
17606390
13456714
25640485
13122983
1474238
133047
4512231
2498938
16178544
12738500
38368604
16232207
14025336
10511575
239457
977747
35301976
3430564
912465
1933322
30429489
2050148
1563662
10653307
20010220
20393139
24046573
16626611
730237
8270996
435980
5502540
25497328
13162651
6090001
881260
7022322
23553830
28530885
17053419
8914491
27879779
1165399
8592563
9121631
17765935
5044871
5410261
7502023
6117011
29415769
16099155
6158117
1101853
9861209
7821984
4566448
10579820
33999062
6254003
11376455
182044
12840007
805157
15950543
2443873
11420477
2529543
28520953
2092342
13376325
8003975
24813829
3639513
16367675
1219134
7565986
1006399
2488029
14816210
907884
18892469
2843522
2176072
1742873
16323017
3380329
29579623
38708920
24830091
18162108
40016364
9483589
142711
5114025
5320148
3867551
9507981
6391008
39612482
1622885
1426908
6022238
1886796
5724106
3561928
18373487
38646604
7131053
24202677
13542560
42167222
10365821
6521902
6322843
1119397
5285778
11224211
563610
1927194
18564142
12223667
6591989
5060230
1361099
13090293
13568774
11305177
30788570
30945085
11257450
79631
3409020
18352456
12114341
18856613
35100900
2174062
16252142
6619267
15337336
4003700
37126084
11859844
20277770
23327202
23782683
115623
23745805
15595360
15786310
8705630
4332255
147924
47357570
13963038
3971292
1256927
28747226
20251192
102952
5872160
6237199
29189325
6760316
1464487
1995947
8756958
6081013
7533437
6925420
16754720
9751067
5324361
5125955
10741721
4580830
8612582
23791217
30998415
1445046
34091854
12425197
8817497
18041690
7942496
11355859
547503
909808
20036727
20580760
11755589
1942680
1705980
97791
851896
18718707
2060206
4242798
18670518
4581187
8209183
9399735
7140722
24021551
26124070
471542
15535754
190844
34455301
12554835
7530293
26344123
4795492
617677
450087
800931
1859455
14193316
245334
3911043
6273250
9152222
10561614
4815031
2856213
24183017
1602545
23607294
3561072
25248672
10752806
25681637
803022
3981292
23314226
782199
9221674
1252543
5125694
21063040
11995745
53091276
4460706
1739051
12906046
15161752
1966056
1870658
10970981
21972879
1526409
5100604
347606
4719770
9425350
8873107
775623
16847087
4594448
5138888
40641795
14012727
8129498
36492857
28942859
320306
3880357
1933390
4514413
5350611
1410258
15279089
10801123
8709597
24367588
12572079
9224866
1669572
19810829
2845183
8353051
26202209
1848955
39192185
9382698
4805558
2220274
6620722
11593658
10138837
961230
12270937
4883762
4616013
5253739
5904152
2825911
4134495
8357384
13176560
1714678
2956205
5361266
14183490
1125461
933692
5913810
24873645
13378720
19601297
53854
9822741
16044481
31839169
8541885
2588658
2858934
45922713
13091873
4697327
2875336
169591
471531
18046712
15888220
306548
10978315
108035
7286004
17300059
4465359
9017760
12159817
14467568
540825
5804593
12063506
21348361
1730751
8836897
122063
5546187
28019749
11487181
9348725
15311174
335629
15540416
5222790
2234016
5985597
2768766
1911730
29550060
12677286
13825614
5616291
5090768
4769780
5648550
5620592
23004944
6840750
10860971
7121879
667899
3865259
21647411
12147043
4714523
21170788
626707
6696840
15585725
3379708
2308388
2638258
8647749
21951696
3999859
4736508
15156913
283554
56009033
18446358
13040200
215686
3388168
168339
15590341
22109420
1773178
4882779
9211657
7935704
15419902
31750448
129786
4287185
21388038
21361785
1755577
7358406
2152657
6795173
20629911
5135326
9659161
6383311
8306354
5138014
15478276
18651556
10971292
15131418
33692895
8061399
4399624
12306419
20748129
4584758
7145
16985278
6672515
14751459
13643825
8787032
9501938
1421217
4160094
80110912
7462273
10233380
99584
14713377
2967291
2938501
6123711
23859527
9824543
29462958
11110297
8833404
7798230
3938221
17904549
1359398
970096
4228562
1365618
8434039
6773849
10077358
984174
9242876
3015615
16514491
7823507
4566143
20827309
7936382
12481032
8848840
782867
4620023
1465723
4033567
2120905
846273
782422
20282225
11791002
8092609
2858416
2265261
519994
9976756
28581225
12867185
49892078
13631926
18797558
4677527
12772998
42906258
24201396
21189730
8368560
3504837
800116
10042178
27243311
11150697
1340249
18841951
25214903
603177
4420358
17754143
1378529
11167767
5658852
488200
8468666
84538
3472748
11492344
47020851
793474
32755564
13563581
29869554
7855225
11286473
3623303
10431005
61873593
6060303
5785299
199761
18755213
16528391
6838091
8770156
9951271
2928255
11692427
4578348
793310
16458066
7330043
2220602
8125089
778717
45652648
13872089
37085464
1464936
12472239
26259711
9287222
9887565
6146511
4163142
1196895
3530987
26630743
17139258
12366255
33572338
6310514
24356111
11046738
1637101
6014805
1546267
29458256
15424364
10928403
8370914
228995
16945544
30488962
1438351
9770626
785560
944077
14340453
5014447
16241745
2278270
2035252
12018729
3066663
1131315
780884
1881594
10933375
2245603
17908620
2540893
7227147
1641236
12915730
4367896
14849017
10257927
7237936
9487050
4947309
20032167
4268235
915141
21760962
5445308
8392040
13729954
10314882
2083679
17356783
38794312
3240422
10404849
1703133
21440512
4660226
1048527
4288377
2207709
6476032
43287337
716138
22696501
8387341
122735
1282032
30749412
20915315
13564883
1397316
4095250
15299447
38428483
444883
14450152
16981622
21811328
4494569
821545
11621991
4068720
32665490
8519344
5191341
14049577
1055301
31487855
8022827
12927043
25294259
26634028
2064774
13917
5130980
12547856
19360
3994390
13589363
3909312
14198047
4227476
1841195
11033840
6416473
9109564
2765615
20964001
1414207
2257644
11388226
3631899
7986806
7464238
556742
10857548
4041579
15503367
8131012
21320676
26605732
32848470
27725059
2800228
9757291
17633197
4259366
7251923
1457726
25787878
20189133
11937435
5492339
6008247
7114284
2124706
1653625
5451732
5207052
37380135
7121190
1783645
2584868
18642002
2105883
2787328
1831970
11262769
976691
9576444
7984539
7967080
6285238
1529657
3776889
1421536
34825392
5818406
30287711
5465796
5451719
2522448
16805928
853616
7481693
1069688
966800
6046333
19432306
2957186
10616331
440038
18943275
6817807
5709326
1008060
6108372
6931370
16850217
4668810
3368095
3384713
3608845
12062507
4531749
8523876
4777360
42289354
13139048
5220672
7027344
18492532
6525277
1826386
7697571
11002301
8965066
43585215
23029845
27332274
8419974
20556868
898704
21006075
18473076
5383954
5927881
3827141
1078129
8066183
4137365
11096665
15832574
4688565
11071432
3255833
30858050
13729389
5894501
13215165
7516788
2639103
1348305
14309712
7238668
23547114
3963289
876399
579712
10850814
3765861
21368313
9737095
4146344
9489696
5031376
1471174
20068018
7389728
1187792
5208287
7835756
762417
3739893
9222278
6032295
17164835
977133
2719333
10867802
6405079
40055249
4190899
16525859
6800102
11277275
2419500
10684155
6345106
48534943
4280496
30038748
1703650
13406254
1119265
5113291
1645665
13355929
777054
20682143
5659506
2563957
5751386
175772
6898013
31243802
6027988
734829
1848969
5681527
10115785
22418257
778905
1844963
2887321
11977829
30473297
5782319
2496998
11010895
3051356
30951831
27473541
619951
15038479
990956
1745157
10063500
1688194
23073727
5124489
144860
146758
44400264
3272984
1012441
5876292
1568852
6146624
2670252
2737787
21477999
2524551
1154182
14040812
12613217
3740540
5236151
2559365
2338172
17384957
39259354
2350322
9337502
8938407
387705
30142133
30000598
29691231
16890673
9028705
25054025
31401596
5351967
2095310
452194
3735491
9748250
9433869
23332216
3523208
3257829
354724
2135890
7852936
8296048
5658992
846565
16256763
11190432
9795135
998807
1365213
20624311
19791587
17895856
9915055
4028320
29521863
34911227
1856015
22795383
10134444
38908846
470384
4896631
19829989
6462650
864467
5076509
8131457
18424737
3889452
8104491
8152428
6239293
8570385
32351682
524805
7988749
4354770
11282897
21223283
6589893
6162701
3601708
13915924
4849338
4242745
20572365
15000095
15591504
4494268
9998164
12973873
16486795
4688574
7491372
13668410
973719
11291122
2168155
36271523
16366874
3720453
16704186
2573832
18238708
38902632
4685357
6914649
40019062
16972972
3036940
8468859
22383444
5249448
1581555
60303142
4048170
460334
22046786
590438
14242163
13564663
27052888
736965
97553
2987599
24894502
8782400
11414450
14106171
12923414
12160843
7341688
5051186
20242755
8437456
3153447
7012526
14292
14136566
3902332
5645782
20358134
23096905
1882640
10241199
840781
3093122
1692429
23642979
6911102
9488537
3381982
10926075
5682026
6389699
5605677
1825553
52494674
9457422
17071273
7370397
1795933
8952826
1973236
3415685
21153740
6551005
2551163
11604115
10307017
2662772
10417216
10731182
1558961
2489534
1264089
1719963
7734033
5711630
19817738
10086898
23762955
1486235
6734697
11704808
13577381
19914611
2855777
5568960
8916172
10594934
25245011
3538587
4198852
2141270
14839737
1750720
32019392
7518195
3967814
7538168
6494994
1709139
8848376
25968113
4726392
889862
6850764
18211338
12288085
3815564
3325177
16859889
328709
11078246
4956194
32308123
4835565
16650372
4634733
6919695
22252473
2221015
3344186
10824246
10781886
13084554
3106394
12209399
7268400
4098023
21976833
1767066
6644359
180010
2589436
6600519
7251244
3265378
7450586
18395963
14692868
22961895
4310492
22891045
929474
9691756
30336492
39240329
591107
2107391
442802
2032211
7773847
7938780
5114935
6562941
2271233
14087261
9523493
8538937
14968471
35197005
21762902
11911425
10927111
27140977
18888247
21093349
1913064
8553768
4657308
5246223
35294
3653085
8570089
4169055
1259127
8566936
2565515
8465023
1956185
1447231
1842926
973374
11872123
3387663
22774314
12013933
11033520
12020845
5215780
18344964
20650391
5286552
16781614
4915672
20844583
3643696
1303756
15633561
29179449
17713404
20510428
2905346
106712
8860553
2063526
15259635
11226653
18978223
18343575
15880675
4587884
2920648
562521
3748500
32500
5004252
5607383
5960855
10214859
1609564
13968180
4424633
2602525
30737711
3306903
34037844
10716200
14181646
3597691
2663105
35449613
7601915
18703997
5067854
29440384
7003231
4906971
35618045
3655413
15073753
21368794
11140948
7311103
1298154
3291200
20101841
11202802
7536036
1027563
11327244
18245571
5407708
994137
22305447
9617483
4101769
15985943
4296437
8169021
5163693
1121375
19743230
4338532
11621878
11209130
11285837
2164579
23884184
2951273
3457249
471308
13874521
590827
13140830
1493536
4282943
2810472
3873980
27777297
5547034
3952235
4230159
7514994
16792534
10685169
16381047
10386673
26892454
10502504
15013961
25808694
3727615
5255808
15024745
10372454
377328
21866369
4139281
5820799
483880
10305398
2540921
22994433
2600028
507139
12493699
2936118
7473798
4263404
20585376
20655617
715925
12610845
11509519
1441073
16279369
1900698
8548888
2525423
10747731
16984358
12912424
696378
23970602
23841961
1930484
78410056
10883005
17036140
4562631
7036841
4318707
6053396
3691792
6766206
5011312
5510791
3941126
4803384
13032395
2625240
2703825
2406268
5572757
294637
78951
4626664
6945870
17847147
24429873
10004388
19057458
729207
137937
10579082
4617371
16326904
6343381
8897998
1829538
3477820
3746943
5025216
704186
15178110
6176090
5947003
52772672
20351399
6072282
5975095
3524031
4822451
6582764
6133788
4460156
2382735
15088858
9228300
1323411
12054155
12900320
10810728
16846035
2244932
22806746
6856932
19757598
8328191
16296974
5601987
24855165
18037615
2006828
2756538
8814695
12865105
4987607
1094950
2859750
17254937
2352612
18001184
33844665
6766693
13923507
5720208
2356724
2030221
10990903
6960522
1741926
13553848
31375581
19584414
13428886
49218548
7856945
7057585
431341
12168560
7653576
25281030
1519551
7261356
1228563
4885375
937123
6196022
24763874
2330206
19777283
2317252
5797445
40343154
42693942
8198468
543863
29993897
1213199
1135654
12772698
9888245
25633654
39875689
14851797
1892986
1267707
18009107
23269138
3469843
6247857
27841515
21402253
6724913
2023392
1706233
2450234
944679
64022124
14024668
12992722
4054080
1845564
5407767
3819411
18668231
29443755
3660698
6259556
9895909
13327005
4589890
7100063
7482926
1751043
5167346
10035107
132747
23429142
18799551
3776791
348724
2377204
558034
16997809
7149728
10928990
18369191
4465992
8372384
996227
657167
23288213
2767011
2506572
6831371
1981469
20213011
20559683
19131325
42639132
901336
7101731
4655303
20784412
23511164
1621680
4473673
22310133
2818478
8751191
10123220
2375642
1298835
10906099
13497416
20445947
3752718
4025552
3544068
27201563
14384434
1641660
52002639
25882620
26451921
25467459
12363039
11858247
7805083
4823572
36755090
6930822
22300777
15292079
9962703
3631113
15667429
32878036
8083628
571044
1867946
1384701
8379203
4354882
11546788
9525059
3238520
865209
8931780
6225406
13470459
4136912
4131342
3269498
29562848
9143076
1785564
16977131
7223842
4291316
1590650
33109888
6504476
21506139
578964
14371787
8738120
13433860
4604551
2283986
1185636
24773002
32414984
30779943
1124064
21748934
10650866
5382558
10442346
27656959
28399383
97936
13478577
3195489
1378284
26709482
48599517
22028435
20311207
6379638
297752
17871612
16673703
13917614
6152942
5826047
10576819
1056357
2501332
21974822
3317174
1260602
4900790
5930120
16440831
7002626
5125736
22159608
3650185
4222000
11366351
3545035
14677598
13834900
10650665
1391261
2297012
32745170
1931313
3566073
16384975
11500427
14994009
14058897
1258626
2977766
21129029
1208369
4006235
6786603
6791252
9718737
9816445
2290770
12538197
5039216
18138258
3601713
5294418
8348108
4735126
26444582
15745986
43685065
760362
4370273
15343507
332659
1253670
2575043
12812252
47065384
12562624
474598
3797122
9186364
6193822
13817502
12641655
4576923
2634779
25915199
14063156
2491295
12285794
8176404
6108915
7014109
17965
5596380
2368956
16738172
4213126
19340207
15011292
15775040
13556720
6963295
38053979
31567612
14282618
17599660
16702071
8254564
3493791
1846292
6469475
22951544
9974022
4258697
12142506
13065024
21778746
20620194
3363028
26107025
783963
6789678
8470979
974358
16494195
681742
10517337
5258884
6261666
651572
7821888
34103079
1764509
8985936
9948787
3412994
3111995
20099924
394207
5149392
2482750
6680658
244579
15743313
16682322
2684243
13835657
29781179
178843
4298573
14781860
14121828
6820285
833107
3235935
17309586
6341977
1766109
8650886
31839284
6700069
1473519
1672615
9733518
2163262
8568503
466027
5422472
1143723
1154062
11218208
8203108
1107632
377377
23117310
45062817
11271077
6809345
3393026
4129878
17924966
24329431
8773708
10325441
6618506
3539229
2286868
1559315
13470007
6969438
1792964
7418857
2510153
21574709
9506438
5409732
20989870
2820060
5267253
4514272
3932562
23430460
13235745
2852320
15942268
1344706
18099570
1575193
5707517
4200580
10730209
12139865
7803480
11030276
6763363
1103517
4497504
1187618
17179513
6148827
2434151
6289699
8180854
53636229
4804115
27680091
789072
7652582
32028069
47787448
751123
18050365
78693
2804212
14218333
14365593
8841211
1322241
34711
3256794
1039447
1461007
10232020
2782086
11155245
48284792
16010777
645024
357323
2720003
13138409
8476834
15006355
8461502
1776004
9177944
61419906
1392341
2441091
35665
558863
1495414
4546742
751401
7019076
26425576
13958875
140408
1537923
990657
389078
7610919
28010419
18319958
20487223
6193412
23574639
998579
11208808
709569
2639336
41361860
13912940
18559897
3818136
18409556
7313018
16379973
10375732
22692717
4670447
10260286
4107011
2617644
1253074
589319
1307775
9825011
894055
12174497
3203937
22509627
6985969
6123082
25857192
5211169
19747313
922098
8590113
13500708
8785323
820751
9248214
6435186
72862
3373071
13620395
3422460
4684701
6889714
2612704
4738395
1122627
6722894
12786496
439668
18873888
24867714
800466
10385378
13349483
13052061
2372513
8637811
8017863
2947384
4940692
3971515
362960
6771632
9650222
669253
12973951
481771
3038028
1030719
24374702
344869
3602724
2742354
38078349
6032062
20869042
5411945
15733308
8069495
4049927
6843792
29407092
31004769
1233684
9465481
5974911
1073773
14893524
9499322
5639718
4604693
19555353
21230859
8626792
2177471
299873
1246435
288806
4097173
31952052
6665539
1538498
4213347
4081383
224355
2776124
4302737
4152537
6032783
18451590
71899636
4171274
21815023
3409419
12242353
11793774
6465788
2920439
2810188
2989874
14552718
1039190
19115478
10716435
2612032
3317509
788248
14283682
12883558
388174
513194
2625202
1749101
14267685
24829597
19766958
2428961
777533
34073760
16375948
4815651
20483220
20951698
5615891
254161
15569906
31462010
19196039
3857058
33054604
1933584
7489528
5037520
2842493
10266211
4758104
5451637
2985030
18971
1830842
15878613
1437019
4292686
182239
28216804
19216044
3719379
7370888
7485271
1211647
2095457
8359478
11288107
10139940
9133049
7616574
6833901
2867269
10350739
1064586
31837092
1754790
16992874
12221305
7385506
1719622
26937123
4337810
10312657
1137669
8707248
8241934
7270485
4576564
1923536
11370558
15064451
22062838
2399459
9547471
12665894
927237
11604974
26338242
19597057
9340874
1040382
12539483
3210719
1062581
23229453
982735
14293994
13506204
18131711
84375
688392
179490
8270209
19643833
11821321
31409799
6665565
6284909
13154693
6350488
5526007
5520868
1466421
19550567
340001
1431310
3276788
15217102
19624893
10868936
10259241
6450747
10948514
5183468
5811894
4282111
7318079
7892802
30289597
2767172
26112734
6050682
53499756
22777682
3340311
25445068
20315033
12575166
81656246
7769152
5058611
26904958
1840592
1479263
3081833
5961573
10082065
12536916
5298523
7048884
4716732
5705470
28865063
5101823
40802276
751401
6006230
7062675
8382264
4775215
8905611
16315493
3670334
5737914
16752914
3304022
12338607
39350706
7251802
16756097
2890392
35585787
17023140
22176236
2388595
9145260
23599096
15231980
10249978
265034
7670834
3048530
1464541
9004086
3195279
16430192
7991727
23994168
7889230
5837258
4306053
2388452
27446253
5016107
11216439
3168199
6310008
10977899
19086247
307183
1419893
36861965
3284205
1767837
1628050
4252584
3544212
6084867
3493669
35437833
12969564
7309613
6906778
3798001
615122
4663325
4262982
15185176
2194720
3243202
14743791
2500360
10309351
7735160
20535907
2426134
7634582
3267252
5171423
10986867
8281433
17340780
28139356
10983340
6470913
23278324
22666218
1761075
20287965
4734081
25895800
3715056
5083036
10368343
2667671
38020907
16616846
8295756
1443535
2577909
13235646
15268664
1546396
1773070
7201821
4748040
1155046
5085065
2204125
34726436
186619
320757
265966
712468
23849510
6481727
12240862
19659185
4096497
23457197
2845648
19861883
8472233
20356016
21567547
2398918
12017343
782816
2853531
36895195
1540387
9905746
5368939
423745
5912828
7169236
38823240
23473500
11252667
5189006
13858220
8990782
501812
111374
16214701
21203667
7817349
439347
11478690
7526056
3482498
19280070
12785214
9446965
147175
3648071
304431
3253738
11145484
21253932
1397480
19485917
5324410
13856585
2557833
15813780
6516
33713414
12704025
24565053
132370
2895041
9359528
22321034
4088552
3236459
16221595
3519879
12582169
43653988
1948182
1320747
14586842
9867911
3909923
8638308
18056814
3535278
11266992
565475
167667
2812704
1266998
2422104
22824427
737574
1153811
1282023
1998286
1654278
10683970
15835839
1706354
348467
8517718
45948901
17304976
17838059
23931611
21693995
5560404
11594826
11431717
1340897
930041
2319623
40006678
15070342
16058807
1928852
22362545
2790289
1546952
8835428
498993
7606523
14632404
2856217
3618211
22934571
18941462
14829631
24302734
12183547
19194387
736127
36393837
3968307
11522377
7831898
5990851
722342
22221653
36670233
7240193
2876096
3063439
1014191
8806151
18491992
9204790
16346177
3713293
14221057
7159286
11459187
6036810
8461989
1105745
11335496
9443242
6108243
26410778
16316313
4712897
303505
22140678
10666572
36231017
7064447
7170224
8423448
9236777
32514404
1053623
10027961
3612989
17496739
29261
14596794
9539357
9959978
8544758
3942700
9510610
778624
4230341
21433214
963901
5731561
4918644
35196983
10548562
2181707
610077
3109988
22183446
12605444
15908001
6599148
1502828
3623002
11990879
9541960
19274485
11458081
14256146
38884340
13725960
10081329
2309158
11874927
138916
10856070
10823152
15970862
6042449
24159828
10191940
1437305
36417237
9797990
3032896
8308845
2410097
3801272
24995887
10240015
1412167
1673505
5789148
5016864
677219
5096140
1464948
14817883
288791
2920717
4114523
19541759
335359
4885405
1100393
5600117
1859115
2568206
9113696
4096877
7501905
12155142
18759353
10886573
935577
2927786
10451946
14633698
1075620
15084525
8634338
7631507
22244575
