63634
2885
5831
254
40460
52400
4602
28637
2187
33566
32831
40414
32289
14921
45520
14117
3133
16374
779
15020
11990
7534
462
46163
20089
18041
46831
566
7656
15175
2546
47324
9144
22106
26910
90
21667
30294
26894
89
67472
13673
37811
23472
2007
20983
15132
30233
5486
9844
11481
41278
2209
19254
28604
6818
6905
14495
35266
7096
7083
90
43844
40681
16801
5391
20950
27089
16374
34231
216
7204
13547
6504
27483
18257
27816
27082
32716
68401
6182
29008
9655
2291
16429
2361
13203
3134
3548
6395
33327
6670
2826
20568
85778
52854
12526
2164
32068
2682
41414
50929
39734
10694
40203
32037
6167
32028
3174
2130
8099
2207
68918
29016
3131
7173
12972
110
34343
9869
15215
48233
46814
5007
1514
55911
386
737
8354
79416
1054
5679
10771
18619
88278
27779
14967
26701
6081
3276
35762
4711
28983
33831
38038
13785
35439
7008
7767
16029
50879
21011
12084
206
5206
7839
16162
9201
19402
21571
21593
18298
1333
32373
3872
4991
16231
26
1043
59044
21568
66601
4449
13906
34039
6744
3926
6158
1112
4061
30883
20893
45814
20323
23605
3484
588
8108
55559
37386
23101
30613
4383
3953
31434
20305
1586
21465
122582
5807
65981
74605
42848
2373
5625
1306
12132
146
4287
78042
35468
13939
2169
55935
49500
11112
14631
9552
10879
4921
7601
13896
2349
3082
20781
7517
16297
35997
15099
9167
6529
22276
45533
54181
69328
3509
1365
9183
49551
26000
21663
2739
37753
36907
38342
25503
6363
1836
16722
7225
7294
5462
22140
75422
6584
12576
7425
30245
11204
35543
24354
29617
2726
626
7898
10660
105878
89952
55557
149952
286
13453
8527
28607
1496
42325
30360
43255
107556
6571
42428
36215
60983
46628
98081
6860
1888
21760
7022
7452
50404
64697
14630
747
51886
25424
7835
60099
108816
8356
32342
11267
30434
6893
54185
4091
12161
16970
47360
12353
33700
6368
531
13695
16617
18773
10257
1809
25659
8508
11387
44866
53317
16882
30069
25934
67015
56760
24835
4275
53404
96058
94836
20705
3695
14755
1509
17582
3446
15277
4967
4145
31002
33785
203
29780
441
43823
56700
27852
5008
41188
16632
53490
22685
26161
4511
54744
9699
3207
10934
10995
5356
10164
19441
43663
642
11163
8020
23414
174748
4087
15790
2406
92130
2818
2820
107259
65198
20361
42729
33229
15582
8026
57036
12416
73344
29863
32934
1518
26110
17516
26442
14380
17704
102749
42675
7352
23696
7237
4119
12698
2918
31151
2506
8017
29877
3672
33389
8413
16809
26452
2711
8577
6506
16599
100739
44687
19704
8201
43181
3986
19872
4484
69867
14087
20074
31469
3396
6416
2759
21805
25986
46081
12735
5636
28649
12405
2437
11020
1559
116
42278
1115
9831
59130
3516
41313
825
27008
13150
5060
37469
21836
11366
27534
1285
23336
7164
10988
8664
52930
5800
653
31918
4852
80197
5132
21626
15409
66778
8130
19877
1427
26652
2231
41029
5412
12096
39580
3113
19623
2951
16307
57326
5479
5723
6309
2854
1026
71591
9755
8282
29704
22618
45964
22913
59268
36375
36600
3207
12291
43620
52695
14947
27430
53188
16861
54387
25800
12239
2177
40496
10750
15284
8496
61510
52165
105241
19897
33694
8122
42107
3986
32204
2925
24081
9733
31600
10491
8480
16343
888
51156
23007
71553
14335
98984
23395
3356
40143
2010
17268
8218
113139
9237
21754
1777
45540
10860
4214
908
37651
58371
10676
40277
58481
57980
16343
82422
70129
20590
9376
47201
36873
20410
875
2640
4552
31130
48647
32706
12228
46567
7968
9577
17298
49
3127
5993
6266
17097
51878
17085
31074
36477
28114
58776
37406
15231
63004
1282
4875
19886
12895
26672
72638
12753
65623
5923
124320
1082
3687
264
22478
50053
17010
3325
7662
25987
15630
50141
31388
44838
5356
5684
2635
34905
198
26462
49187
21874
68893
57983
22144
988
54409
37554
19939
615
65907
60256
56561
21793
79942
50994
2166
19658
17174
22611
23009
4079
4197
33293
5747
4363
7401
14304
7615
689
721
8859
7495
28592
44271
5020
6163
1113
65652
28468
28881
18435
209
36327
16462
18656
7782
23830
22871
5154
41410
661
6677
4734
2012
16335
42083
4404
44431
97690
42997
17234
5819
5152
554
10736
21155
32471
1718
61169
15180
8837
79217
19051
3419
19435
49160
13762
25002
2531
27998
2596
14836
1947
5247
15720
5506
18901
48520
20298
18533
23215
11352
6554
1025
31394
3096
20394
19742
17541
619
13330
100607
20032
4951
23736
31995
19767
568
4511
14747
24286
14921
24876
19
19100
43941
46311
98764
3799
9865
48640
18873
4985
23139
6527
76007
25704
14723
38128
18934
14546
5142
813
3075
26057
3861
7027
19151
18650
3831
35309
30464
24132
4268
626
13408
9929
36838
188
15055
20646
3497
14085
8936
82035
1804
30079
5833
31754
28570
10163
10521
3593
7315
25758
19837
31858
19761
3695
10349
17748
13821
7049
9755
31195
88459
10372
6830
10615
750
24363
57264
7190
11792
59114
50542
23884
973
14893
8081
1201
18769
9934
1145
19462
41444
23620
18104
100434
19935
29350
3743
1169
4158
55663
3952
53838
48338
25154
45540
14466
12021
486
33847
11900
12291
39111
17407
13498
58539
19703
3090
23540
51535
63
10998
14988
12359
9463
6973
16471
39659
1864
3103
90706
1354
4482
285
4254
6020
8641
6873
17518
10174
4288
28895
49299
839
88320
23236
22683
9626
4629
19310
13918
13312
60827
66797
84758
108626
33134
20043
14945
41540
60767
60678
129105
24179
27848
23332
3767
15968
21199
26898
9603
14547
8397
1374
45598
2770
10206
39494
36227
14279
8447
2221
7931
2350
17622
73649
15008
34524
41824
21001
10525
9976
4912
41270
4287
28380
31450
13697
5269
28981
32661
30272
467
21649
32400
9385
222776
29361
14430
10251
4739
10875
18773
36451
28465
11453
17941
14530
5033
18614
280
6406
13392
25752
52532
28966
34120
74
6171
168730
24938
9581
20426
75342
30859
44234
47405
30217
3228
5472
5085
37555
17879
16369
944
77882
1954
24
21625
2484
24701
2035
49646
3526
6642
28638
30905
2684
3981
704
46030
27098
22844
15844
9747
2008
93771
4820
7238
24320
13295
438
61772
17025
65879
44981
4135
42702
10065
4335
79010
26349
1709
37970
59707
42035
7726
54964
25489
27165
32678
29666
1479
79458
15483
42759
3653
9158
49857
19291
16098
1999
59796
15185
12729
5317
6002
4587
34330
2707
19696
74192
18047
18103
7754
16506
274
2755
5664
18954
32058
4984
3097
2172
768
32414
34740
3589
14466
4958
5408
54091
2742
14617
61818
20189
43403
56022
403
24485
6896
12751
53184
17429
24232
22974
7687
101288
907
10260
22773
17076
3151
11297
2830
39129
7278
11272
46847
14334
41860
10252
18645
6002
29030
1584
46877
1180
9907
48503
33127
16233
24201
2770
15103
47909
92098
3050
30662
25142
115260
27630
27994
8285
17754
13116
1513
13840
2896
13867
2161
6991
25117
3997
15798
21733
20985
16996
6053
46492
4345
14632
2705
49325
2943
77213
7378
6259
52345
28325
5410
20135
47074
23642
9196
50672
17739
63091
18607
2175
10088
8629
6420
41685
1528
24818
17180
78297
57058
31539
61819
13974
22760
30
17852
15787
21771
52495
49437
63896
7174
31131
10244
1973
5567
23836
43999
5469
22662
36008
13271
43976
7113
10979
7903
35330
2998
8550
87330
7026
34343
8595
40523
22575
13372
40648
27403
2360
6887
10589
4082
41782
25590
16819
27652
13766
8564
10076
13160
6708
2967
10297
4001
39859
8096
51557
24910
4536
825
13691
32092
7510
23182
30116
38587
46545
20900
8111
33639
21290
189238
50678
36701
12779
49153
46178
1724
24978
11093
1970
18765
31563
4337
4261
41498
78530
19399
48256
15288
14675
59812
25825
1701
3265
93861
13933
5082
81515
35278
6483
339
1684
45872
59724
112097
16060
22412
2649
6717
6501
63358
1691
53642
28590
4301
3365
38031
7173
44109
21267
34612
34222
19382
24847
19453
14087
4013
32512
54848
7659
17655
42412
29392
89537
1052
10642
12686
14217
14137
457
63356
22037
37944
11578
13090
12044
23502
3664
14734
10266
12539
24089
309
18528
89944
36849
38105
25472
13105
24100
44349
1579
10534
11470
8507
27212
75158
40463
9749
2925
15553
155
10195
2019
25142
13839
85412
21027
508
44014
44004
16782
18740
23316
20060
37697
54818
37914
28423
41485
11627
4122
20234
5214
18260
7108
1157
16186
1104
20821
45709
2681
3159
42862
6241
11133
43430
86112
3442
15118
12971
17242
20552
19257
2612
5713
9405
13554
14625
89
19979
38573
8806
23095
19583
4616
9567
4395
160
31610
22578
3787
55103
29933
580
13256
3175
1861
44841
2562
17421
4731
2953
16980
39603
3793
27395
63560
38753
9888
42244
80687
64219
288
57719
8112
39221
3775
7985
16912
13886
1461
27943
46305
7138
4079
8933
5135
16554
5516
406
76598
40283
3206
19038
5256
4439
102783
7282
1768
46931
661
2944
26322
28736
49730
31526
1845
2825
9312
5528
35249
7142
61450
5811
12066
6247
17071
59340
38337
33827
90906
17808
44245
10580
41436
18840
1106
11002
9167
7909
12281
54851
6034
93399
44120
48388
13382
26022
32936
11607
17090
1101
82216
123052
66865
7862
7323
116454
16743
75789
1714
2944
8515
16964
19777
2693
5431
6197
58447
8256
14467
3718
3432
12804
13925
21690
23780
41364
13009
14280
4620
28515
4098
12202
17908
31270
23496
7674
16158
13557
1639
69147
3652
63397
9503
40561
1184
6854
23825
9531
66043
3126
19419
1305
15837
6976
9404
7848
9620
4588
14422
29178
6340
4971
12974
678
65218
16218
56435
97008
8056
6628
55359
24433
33268
13836
20722
107606
654
28080
10995
45333
3532
15556
26500
605
7246
14017
78452
6430
46194
2235
1379
15228
30855
23061
27695
22075
9440
10311
29041
57438
683
36979
3539
4976
50148
15166
1267
21312
11556
25809
1449
5874
9166
75891
9606
24611
22888
18935
268
37720
46919
103980
1796
29759
20390
37132
41094
8679
18445
7772
37091
12612
27050
31083
10350
25769
3084
7103
11406
29327
8397
13910
35078
75734
4783
6211
63697
17527
19184
36497
11503
46616
93963
67983
421
15161
28996
60943
8911
33692
25710
12761
8350
30039
3203
114140
21300
14522
28066
2047
713
99532
24217
40706
3122
55785
391
12985
1218
28770
10030
2770
78657
3255
29526
17584
22123
31626
35902
40780
3300
9227
120904
74895
2846
2300
10406
22187
2127
834
12449
329
7861
18843
3420
6037
36198
2826
16730
56168
40210
14351
2486
6860
765
30594
15771
5665
14043
30905
14551
62885
18964
6223
24
51541
42479
38730
1410
85813
1755
1064
26469
68001
23017
4795
35080
18421
29337
430
18475
493
1562
2017
1538
501
7339
25332
56123
7043
2169
54287
43270
439
21473
41317
65243
1195
13630
40651
11676
3089
17678
30755
8710
100772
797
37033
5767
28085
13739
1483
39015
42171
41890
19441
19606
34631
9140
3045
49819
31655
9853
5027
39803
38934
10161
4525
1346
9029
28690
31554
79618
24295
3450
96293
54547
13106
254
83487
26266
44848
2606
68316
34592
16916
14515
48174
6099
7676
4086
11304
17199
31455
3252
721
1606
10204
4421
23581
26490
37243
8348
22652
22010
80173
3774
73394
14294
17991
12009
22262
5626
16512
38734
3321
3114
1859
7318
2506
13675
6887
6397
10844
76063
22166
181765
14124
93716
8605
35933
44
13413
4432
1759
19592
56054
716
26718
8358
67794
22362
1641
78430
17509
10588
2350
12192
9285
7852
7696
31112
879
1427
46390
17020
3459
20591
76613
27306
599
677
4340
6390
13412
44605
12397
1049
22303
5285
2051
24250
41617
17788
29197
8838
13111
57968
27616
4723
18080
43253
570
51400
19266
8913
7208
60540
11853
36396
2547
30155
2640
14084
21331
92578
6623
3623
7695
4651
11027
5709
54178
17864
27874
16551
18361
19890
113381
2513
38400
5454
75803
3047
7160
6112
45194
38715
177
9429
15297
15895
2576
24311
37891
11229
24855
2136
33799
34765
3190
20541
43618
5417
38099
42830
43691
9284
5148
9001
42440
3368
16621
81227
63625
674
805
24557
1349
13681
15730
17449
38584
39234
4520
13049
39517
15378
11007
72775
24285
23574
26653
30405
1762
26641
23261
2178
51840
2364
5945
11292
37334
7592
17075
5117
27384
23956
29521
4022
11036
14450
11430
7741
5048
4402
5570
15521
10606
8121
7283
3990
10849
4801
1386
16747
30048
25320
6896
34370
9241
34462
5163
31300
9656
16674
7241
14800
19073
2956
6548
350
26116
29650
44487
5882
31008
17243
28039
12600
4106
1355
1708
14693
4558
32733
1799
7876
9631
51020
50140
1527
22524
15681
186401
38594
12269
3263
157
9083
41816
4608
17306
15628
7510
1221
7442
23080
26318
676
49678
54510
8808
6654
25896
66539
3395
19372
3884
8238
10323
20311
42563
17398
921
31517
7728
12159
20988
66119
22150
5690
4353
4196
56376
79287
36014
6697
50978
27399
6673
27751
43988
24714
6265
25486
7898
21416
4106
16936
19850
9730
57677
22757
15542
59057
16551
5124
33618
81029
818
8713
55191
22667
10641
18088
18305
13421
53077
64656
39251
38178
0
14243
4821
21718
36947
13578
11917
59804
506
5248
12650
2609
74088
1774
4674
17474
21159
68100
17491
85028
230
89
10862
121
276
30069
9844
6528
33684
8461
8956
15515
83072
1953
128694
49531
37446
4898
18724
40956
11933
38852
26850
254
64151
72922
15705
94280
5003
1561
30875
20096
17380
31553
4495
48962
52615
26281
2286
15823
24536
12354
20950
41947
3888
22524
63127
5405
4432
39961
51314
25903
8406
4713
28695
17053
19229
26586
23133
17519
90703
20524
9639
66932
9624
15523
7005
602
48962
3530
54357
4498
7436
566
89798
2725
20840
28714
16232
88781
2715
1548
42093
5291
12483
5848
6849
15653
6516
6570
68142
36835
3662
75055
3372
13480
9331
4487
9684
7330
8338
3038
13363
4240
4195
6235
12389
2873
14276
8040
29494
16745
833
12538
35123
3599
8639
56692
5972
25203
23841
41440
36120
32278
52440
53610
15605
57020
3345
18310
28399
16169
1678
42504
9879
14467
35289
9504
7292
10547
7054
5512
15338
7027
9933
49217
65695
29307
1728
48700
14845
12724
16604
4055
4764
9260
3988
11858
86212
39584
20297
8292
8
38011
20865
21167
30053
39214
29741
46147
8522
16056
35683
2027
33924
27936
12284
21377
15448
1801
14002
23376
29572
47499
25244
1380
3793
8246
16711
1270
37773
40351
2662
19255
53305
54999
7830
71570
13541
28406
25438
8770
2405
8296
3189
4037
63992
22141
3000
25774
2686
10533
8857
30090
7416
2121
18484
30780
5252
38463
41053
814
7861
32398
42174
4084
8295
13898
44028
19724
6547
49477
21503
31509
25296
40210
20342
23588
9627
28823
9064
10274
36195
5184
109286
32165
1740
27540
7429
2995
56851
4064
6407
26883
16812
3162
16894
33490
1381
11254
11533
10944
25108
29883
12569
2357
25351
79047
1098
6218
3737
60142
51492
946
8022
8339
18048
41053
15911
78264
10834
24126
5944
7920
16265
110616
4032
5775
6206
12489
18591
49194
29129
14592
437
64683
4220
1193
13571
13950
25926
8212
25280
15181
5450
64828
23469
8897
21151
6985
15482
9562
52734
13440
9056
25212
12375
16925
54774
29029
4258
25221
30728
3400
42772
25007
14792
745
71580
6447
37723
14412
2419
10235
2447
12429
31902
17535
36154
16671
34052
20250
27688
12202
15567
1673
63696
13134
28503
12459
5098
11205
20027
4717
16701
27241
29114
4208
14416
10344
53314
10726
13156
10948
1027
8146
23163
97619
6943
31253
23357
25701
31843
21864
19468
45516
4861
14958
3745
10797
14423
32116
145428
3895
602
20092
5794
19504
12588
21627
9017
4177
40503
633
52237
3135
119851
39466
65700
25936
16833
12076
29336
9177
28724
3348
114
27515
15958
38254
3812
5686
22122
14968
4667
2028
3889
53233
18319
7269
29955
34185
7222
4756
10897
9578
37670
21607
45302
3968
10011
1879
54554
32475
18334
17154
51056
31338
48209
19618
8391
40012
17443
21470
5786
24078
2103
78223
55352
4963
7672
8846
22094
24091
52847
8058
30440
13878
4036
28359
8160
67426
24904
38871
447
17825
3894
7818
28960
4310
65444
27192
47519
7108
31164
30059
54604
11179
9517
513
95526
9818
48815
7769
29858
51474
19432
7286
9541
258
45639
14617
35991
31
129295
39494
5308
15313
4553
36561
26488
18573
39850
22335
30128
83611
78633
1916
27633
4483
6510
14722
3610
14146
3808
5804
41068
34468
69740
10471
3975
5057
6094
21202
12823
56276
10608
47819
21329
51985
34037
41862
4815
21397
2056
31210
8641
2677
9203
6738
43573
20890
11365
17353
105377
6189
12478
31972
27579
36404
4186
18182
3370
13322
8358
33021
17762
51035
47728
55220
1903
7360
25268
12165
29340
22306
17731
46465
188
11966
9082
10791
21610
8631
8237
7931
2248
22789
32938
14047
11509
33344
3299
28429
2615
944
1859
19668
59515
58469
270
3105
15955
5704
11241
4285
4038
16564
15945
2444
70048
1610
224
23030
2940
3307
33560
33847
28063
54901
29000
5089
26083
41361
2183
16415
6204
6817
12671
1231
25016
1897
51782
10421
28883
16304
10822
16115
27834
27111
18117
53650
16878
51698
48583
11227
43836
4179
43901
2602
63911
5159
1690
19088
9601
21738
369
13314
14299
48575
17423
76355
705
3553
13112
21273
3137
6841
56882
7565
19721
4557
18940
44239
41175
26381
2968
2112
19161
10718
5631
24802
6738
16687
12159
14096
7577
1554
6614
33154
23895
833
4092
18643
2774
65276
14825
8402
21114
85632
40047
9886
46651
9024
7995
23743
13593
17356
12975
84427
13774
15084
5948
36791
26379
117705
400
11349
47429
210
66194
155651
28012
61262
6930
2178
28658
16260
33
3530
38263
9410
5400
6922
4474
8746
31610
5108
10929
44177
428
6588
54637
22323
17539
13702
14038
37685
58935
6039
8525
49208
7076
20512
858
20746
18111
18688
7279
12445
4869
24055
6462
7918
15640
49726
18329
19109
10969
24161
16238
66824
11998
17341
9561
25413
61487
5539
11505
61259
6147
47672
9841
9869
10935
3531
52278
52627
31307
57081
22239
10106
26912
52116
19024
7258
52690
45677
20506
38556
11103
80061
24120
8232
12164
35340
11742
49869
27004
21441
26192
5835
15738
6705
53166
76694
394
11518
9834
42286
108066
1021
87383
31802
1123
21862
21095
46253
354
23846
46153
9265
76081
125471
9301
14715
51667
41323
101060
34244
1227
47322
7494
65
457
15214
46291
5924
5651
16787
27528
44535
8044
4293
7983
19272
2088
22114
18339
21276
36885
1183
14197
28942
13236
12546
29427
336
3247
17305
21752
19706
43575
12391
9355
5198
11413
15854
6024
958
4069
4373
1882
191138
2726
1032
757
50121
12228
2683
14852
22437
4899
26969
5275
27504
26663
23879
15704
8561
29036
16315
13289
63097
6295
23961
36665
19025
14629
60337
11030
7887
41954
6915
67095
8489
89754
57354
3292
34414
43339
24494
2230
29803
44757
36759
1844
1468
23028
8429
7540
8173
70277
1173
4752
5851
22315
61039
9494
15151
25464
30133
23373
19483
43686
20310
21707
1928
45493
76830
361
17026
22430
21125
10685
21522
18224
13805
63775
33950
14873
8220
3560
88233
82990
47241
2878
35730
40180
53105
6962
47478
755
16008
17599
668
1780
6602
32345
19830
30342
2677
68435
3221
19309
2938
11673
4225
8834
44877
1836
12903
39275
5534
4264
28476
48704
4244
10572
25970
91159
12595
1175
9577
32355
24710
705
24207
43645
10135
9565
22866
1038
46100
112627
25670
29648
9730
8518
63103
1966
5609
10440
14873
12746
27346
47230
30306
9798
9197
24266
12088
8429
14809
26999
12718
25128
52842
4906
4043
15539
3296
741
85522
14800
36330
58965
251
18964
30666
18633
70254
19517
32741
31497
25150
10144
43162
9709
8688
2908
15230
2338
3348
19361
56492
4071
58043
8823
17360
6358
3638
30115
4024
41990
5839
1480
17158
105240
5421
91
15249
43089
5442
14749
21269
20359
411
16787
16572
6842
440
68220
12005
4327
689
46363
13641
33172
10809
23009
6439
70032
28283
2148
12415
6092
2484
4066
33538
20376
17931
34061
48558
37163
114159
11398
9832
18895
5254
28734
48916
5133
3938
83557
10968
98681
26134
29313
656
2006
16207
22285
5565
6878
37528
10639
10787
28346
51968
83429
27550
17386
404
4545
11052
11706
5331
9335
14881
3434
30655
11750
0
12595
4171
1554
21227
19369
4458
6437
92151
26862
7872
36983
1878
61259
40352
39220
41387
7183
5018
50314
23843
1349
20
14360
8143
26457
46701
15755
29548
69014
21219
48257
42164
28158
18922
33952
16764
14765
4054
30141
8373
3298
21978
69137
733
18380
11426
18783
26868
46822
6428
14794
8084
2972
16202
4516
6568
105974
33089
31624
58876
89892
4869
1240
7923
55556
51522
22696
115
2334
7310
10598
37552
667
7161
19030
35966
21963
27884
10080
45933
9817
28989
152491
2988
4821
37943
14767
10909
42832
338
4657
85578
1978
59623
5678
50583
4524
12586
16729
19312
79704
7892
2752
25393
151974
1199
29092
74620
18390
9864
19608
77323
21944
24038
8416
5116
3252
23450
4454
30229
1632
106282
23627
105816
41841
2763
55730
28117
9489
46665
1672
16126
35119
1983
46474
31004
511
11476
1640
2095
41200
34561
4257
14855
56477
50616
7387
67517
1024
19383
15375
108047
18049
49065
60698
31025
22606
25859
163262
36300
62463
279
48710
112288
20569
6136
26357
28470
23694
40215
34111
4393
52476
38066
10326
20763
12378
20500
21024
46392
8057
8105
1824
6875
16255
5061
38162
8785
3898
5290
42054
26784
3343
14743
59
64976
33822
65791
13225
6511
29903
2089
4029
4697
9327
21906
8230
19539
70439
1830
50945
37471
24047
51
2024
27501
8483
29224
31647
34244
7496
11264
7
51341
15855
9139
6877
25407
18687
9794
2017
10553
15870
17669
845
10249
9016
8327
3419
93515
6764
28905
13519
19358
11488
41201
43883
90865
2976
3723
44032
3631
34683
9173
57967
16330
17833
66402
145084
22682
34484
37012
40091
55264
2149
63287
15617
6914
8894
74735
47483
6954
28078
102716
34108
3595
33394
27265
22650
16236
24090
5983
147
4335
405
4948
14187
15385
18542
30660
94767
7352
19969
7898
20965
21488
22034
18760
6987
4195
69568
23298
72696
63243
16988
35177
14746
19574
1069
69964
19733
35001
815
4252
3738
6771
49771
33777
7586
16672
22941
3231
38869
4938
32275
24274
5878
43834
27153
138644
23171
47132
10775
27765
5914
24209
12056
1522
7599
35958
64454
23501
19701
8876
1174
33455
20122
97358
62069
17519
18385
43593
19258
33491
8174
15077
12644
7423
8974
1822
23560
25981
22700
8658
3809
7264
51861
30868
3162
33868
1258
70755
11953
5673
31304
10852
8636
9042
2208
39162
28821
11699
22710
12992
14651
13359
4326
45618
30683
767
3290
13574
65336
10761
81
1817
47015
14198
59304
5405
44382
44657
38602
497
217
67426
21682
50688
15699
47084
9357
11975
14770
5476
31165
130908
58722
14168
27600
69754
6189
13220
13218
5337
37076
57371
24710
43723
82601
53230
1145
52803
47587
10008
2743
34869
5175
19176
41510
834
44808
2331
262
203
281
3374
17147
62828
4475
9297
12516
3909
12315
3462
92217
55042
15170
10374
13674
43573
45067
36770
11712
16568
8600
70967
28687
7737
24324
89469
1769
628
85970
17882
5938
22473
3761
61943
2714
26966
45441
26573
71061
6645
31203
11812
17817
14694
33516
21411
21724
62650
17414
27186
6172
16764
26006
12000
12319
8963
75272
180
15663
17812
17274
6135
234
73837
27069
25100
2267
8388
68512
9081
10811
33766
2399
92341
3862
8998
7755
1513
34795
4001
7150
10218
13088
20959
46611
47681
28612
130517
35367
38459
14974
17901
32143
70732
18856
48988
17233
50566
61470
2186
4063
13364
17340
35695
16694
33656
4463
12318
10487
2261
9538
21506
34294
2847
121079
865
5163
30938
29666
19556
59006
6199
11372
19570
868
14852
30636
34890
41773
12008
42067
12515
40805
14224
50658
32408
36537
8602
11032
14778
8652
35238
47437
40690
5590
30
35246
22082
1547
1985
5747
30086
20968
15111
7279
2056
26012
5641
1067
11388
4589
16438
8195
11005
3549
57662
26920
23057
4950
44126
8990
105041
17621
10576
15129
749
4732
18127
7950
601
26065
2427
58336
52401
42942
10054
12283
4542
119092
19706
62691
36852
14263
37634
8350
11749
366
5394
44274
5312
6395
36001
67977
6786
8564
22542
28425
8799
30949
6440
59273
27844
20543
20873
44094
15844
12653
29546
854
21746
32337
23978
39657
18338
18006
12120
10682
24223
110942
39179
34110
1112
16487
764
9043
21160
804
14548
36936
31825
6758
49468
7304
5977
5384
44888
40526
29317
19968
15882
8732
42796
10064
16709
2715
9187
472
58148
34079
20542
33217
23616
15754
19086
10574
44730
3061
53591
35750
45195
16903
18006
13730
1570
3409
7174
9963
3941
11775
72356
29198
21035
14543
362
3020
19887
10836
67218
31881
267
32513
156294
26426
1833
8060
6557
41915
36519
17307
8153
40980
8599
18063
1991
12360
3680
33245
53990
3117
56770
6730
3328
31085
24650
4649
385
569
8092
28386
11904
3352
4358
47337
27705
4621
27104
1581
58967
9248
82184
8909
9871
56444
26765
37397
1463
21609
5158
2456
23562
12217
5772
31580
18891
6577
56404
50925
9309
51427
8951
23238
5902
1290
3820
7690
65677
1042
2246
1699
62769
5438
121957
45879
660
43832
33266
9536
323
22787
23402
865
81599
56490
118075
24340
84755
1378
20542
43146
3383
18819
19952
1817
24023
107641
2782
28547
10606
626
471
15529
33185
38947
24713
149396
35358
3004
18958
8263
6109
12860
7864
7369
10624
47417
6183
14230
34098
33243
28311
6058
10544
9704
2329
246
30097
35936
25372
46294
4473
23021
7444
20613
29217
21592
4896
16652
23604
30847
58323
8739
98115
1966
15516
421
1215
1314
21029
2245
20591
8816
27559
25881
5075
16093
1839
3925
4424
4510
11071
11111
2705
1023
44797
694
9814
81440
18425
13599
63562
20423
2329
23974
6917
4191
22275
43127
8653
6416
57280
2211
8830
3396
18063
60183
4864
256
40220
15914
16198
3101
8563
15191
16097
1002
7245
8622
6702
19047
36073
12879
1113
38909
25715
3928
35880
6677
21655
1700
18974
378
54759
44975
1491
25146
52222
45317
14217
4192
617
18101
13836
351
2082
4176
178558
28044
57460
34264
54205
59777
35698
46331
31577
8059
13705
14182
1777
13740
9855
11553
7409
42522
3058
31774
16102
20298
32947
37752
8576
60772
52337
20992
15894
1295
9628
44606
11865
849
10112
48405
8455
34998
504
7955
16446
16425
3618
24788
15565
34573
15073
7871
2893
77714
1573
18402
12484
16355
53046
38741
24572
22772
21274
6973
17970
3980
40973
15942
5408
5845
51640
14367
11825
7538
14791
8204
23693
25126
18020
4248
12656
24498
44767
77746
5819
10828
45969
13719
25256
24961
39107
6397
78510
6821
39199
3688
12334
72398
394
6823
2234
29572
112298
1214
46860
3848
1040
151430
41462
69157
3722
2672
16537
8233
13477
33518
4219
72074
1235
6118
13057
52221
3915
2405
26152
34752
36824
39761
19959
27813
10145
7322
298
17166
16105
27019
33832
21727
9506
36924
1631
80889
21767
4670
41842
3081
864
15824
36701
10493
22085
4157
19857
25701
26915
11231
10568
2544
234
3865
3171
65408
5522
62700
5265
10330
11909
39688
22735
23727
43432
1437
27457
42535
20811
48550
43619
91088
34180
4811
72976
9052
18059
18528
9223
94
19209
2008
24272
13100
21743
45573
11281
9618
17610
27339
14482
4140
62216
6244
21341
2509
35152
8122
22303
23567
1015
23649
14919
3386
17520
90743
36034
53502
13230
6606
27851
74007
25091
139740
45478
25398
133667
4417
19426
3720
36145
37452
111810
8360
12345
13626
32013
19557
1810
15253
17266
61749
17139
25935
4881
31314
4552
2636
104582
21650
44710
22389
14212
25897
45565
430
8027
29226
13815
6056
25542
73104
10633
17490
98230
15317
640
38000
3521
57962
18685
5816
7577
19751
23211
6683
2394
24317
36859
7434
19170
23225
12310
71009
45185
21076
180
2344
7377
5801
57968
44919
6476
35536
15878
4041
10599
5076
20765
13314
20390
472
22955
5478
41121
24962
7989
23362
43402
2826
5336
15759
52546
71566
29205
21744
27870
29473
30212
3089
648
9937
81858
32134
37601
266
3285
5949
7365
31862
17321
20454
19915
10757
54
9004
21877
39159
26105
35550
28347
11395
22783
7656
2945
51017
39046
2249
1359
30658
1007
1218
21195
9923
36307
33114
70794
52990
4937
16995
11278
22020
21271
21053
10814
647
8047
28666
3532
5032
20593
15163
9711
9332
70008
9228
7205
14456
28332
14635
2145
29462
2005
27658
1542
8610
16060
11317
11750
21248
25483
3177
19175
15606
13335
73269
7520
30672
2396
18704
114154
29077
31326
18855
43415
17312
35749
763
11990
3701
19103
9187
6777
34963
16497
21429
78224
10170
21406
27329
41670
6448
84805
1838
13999
123339
195569
8900
29040
46062
3122
14356
40063
8499
4428
15901
22347
3854
30224
19872
14233
52726
19825
3837
1062
226
10027
22065
23337
29567
988
50206
20046
9728
47254
28336
174
5722
40180
25388
9938
37277
130
56465
13202
36032
71500
17904
9780
36727
35916
978
27947
16063
26552
17001
14889
16219
20106
46651
17033
50331
50
30865
45149
14802
67921
5182
20879
16474
11429
19111
14439
61826
30194
25941
12375
1055
6884
73917
6439
27482
210
44334
67752
223
41228
4338
7212
13632
28085
24549
692
27267
9956
113707
7134
22764
4390
7605
1079
18187
639
66636
21197
44461
4406
9301
10883
37295
13850
21680
6813
580
46378
9195
17269
458
10098
2219
7293
3687
47714
13723
16911
23933
43200
11772
37795
12125
2340
29953
384
926
2552
2307
566
64329
51844
2726
54780
18784
39765
5589
2208
1144
775
3190
45884
14078
31401
26083
8980
23724
9173
101668
64047
58907
50969
39084
16029
35448
3050
7849
2503
82136
2417
68344
31975
1485
7939
13942
41284
83566
20931
1869
14523
1853
20175
33166
19742
5384
32557
15510
9033
5678
20315
3285
4477
61397
38143
38265
36
7139
22964
46995
948
2312
86512
23992
36635
34820
62720
21330
6123
25500
41643
6399
60244
11349
12883
9973
32339
15984
28948
21288
15722
58239
55372
19269
19710
30329
600
48970
69304
3683
37473
17543
25954
6320
6143
35552
8882
40014
34197
18984
37608
2142
2718
6861
13467
35505
32835
10296
25845
96755
6521
10500
252
5332
32589
1698
52849
4214
16762
32286
10072
6533
11022
25721
14194
94363
3137
37575
19520
69636
12903
41898
89
17310
5947
13343
20142
22622
10264
22732
15917
199
9715
20086
25842
22219
5911
1471
37640
111309
14047
37987
31191
52092
17697
38060
7922
36082
15373
22752
129478
4656
14604
7152
123
41061
58996
10869
12296
24984
34096
22271
17980
8226
5652
98244
2024
5600
83280
19197
8669
31465
9134
38247
40966
32163
19756
11948
7580
17567
10125
15250
743
2640
45757
22861
28473
13032
19350
6101
31992
16973
5349
1836
8206
7754
34098
19068
3466
43685
6069
15486
32406
3787
10640
38919
19297
21484
10958
6101
21459
14378
24069
32047
34269
16283
26971
73233
7730
37688
9395
105210
13610
46913
15645
13849
10769
21908
50802
40097
20332
15039
20400
9951
5016
14616
39824
146
29793
15774
19744
35775
59533
96
454
58515
9759
6537
42704
4374
3306
4597
24299
33537
23438
134
17710
15024
32253
13211
3126
956
20974
42135
1371
58
6706
23041
22178
33442
35239
24194
23531
8143
91574
13519
25016
6131
2070
5160
491
455
11820
1193
26595
22197
33096
933
13504
35026
53064
16327
44219
23470
19771
24045
37951
7409
25146
196
34631
53
210
21828
13465
83349
61729
23426
6299
1320
81
15865
121174
28770
7765
44813
6003
15778
11089
5821
40527
27850
3429
36536
33840
20418
35927
7696
67546
89085
44279
27449
1055
15691
11656
5919
9367
65290
674
137291
35619
8474
29761
45377
7961
34026
165350
43980
5753
13414
2078
2371
22
70806
8131
2488
18278
42682
13958
30693
53550
7370
57997
12271
1848
1051
76500
3908
2938
11857
14175
18102
60118
59416
44656
29885
18013
2905
24152
43879
93237
10633
10482
15999
9863
5953
37325
19754
22589
18266
97585
20534
34
36324
2168
63311
75224
105451
3112
82526
33460
2660
37074
4015
33053
81310
66690
35104
37669
27295
30122
841
7593
6774
141558
11913
3884
38566
61476
1192
34327
112
51731
29952
36836
13968
42190
30865
4824
5928
34664
35949
3498
17465
50517
19714
10204
18523
3412
9819
29975
71323
64473
48051
7858
23503
24355
21933
19604
52106
558
25970
42863
13068
11233
20168
58243
34588
45317
8117
33561
5723
34860
20069
18423
54626
25954
164
29274
329
18575
3128
1549
14171
132198
13892
69350
24342
39
38224
96790
14545
33098
57177
124698
8335
52688
6513
5093
3002
50620
5713
7147
88372
22769
6597
14893
2142
31599
45365
25676
7503
21699
7670
11052
89015
18120
18676
6781
7459
48290
42919
30633
7185
72550
941
8315
9462
2132
19901
33933
42290
6660
12794
103917
24502
6525
12840
45489
27385
18286
34053
35634
45473
19105
18324
10345
2345
4463
20050
37563
3231
7440
10414
29011
346
59613
31448
4058
6496
11973
1902
65276
27470
41012
4011
36938
1343
16047
31501
5869
8211
19834
4586
11053
10871
11328
5452
7365
79235
72789
4538
7247
8885
86833
3417
611
33909
6089
4661
46598
24340
58163
7609
10368
424
14885
33410
53829
71581
18176
39615
131
1765
8153
5754
38476
1734
5284
10591
18135
18825
93195
5685
224
6352
15978
15574
3605
4625
15761
7661
12957
12843
88447
9452
7247
6166
34844
8482
5211
9714
30106
12231
34910
3247
419
55500
12461
7615
14878
2796
19399
4896
1731
48929
12699
21452
45829
241
13571
64963
16452
74097
17558
77698
2955
5087
5950
4479
16711
17001
1427
29638
23110
17697
34787
36365
13004
21076
46982
20
16585
11149
40529
42861
596
19193
28628
11706
20502
11485
67675
9354
9082
39464
1231
25061
36385
12626
4854
30022
105911
54146
31783
10675
24062
30942
2452
37506
29866
57223
9094
1313
31795
364
25234
10110
6456
3002
45236
5518
59633
863
33925
165892
17958
32520
45570
69496
9835
23035
13949
7261
19172
4437
9856
20861
14796
36657
24408
5203
37910
21628
19429
10041
41165
35122
29541
5236
11754
16198
1071
31356
77007
11190
11152
14011
4907
10388
3212
36866
11324
4648
8587
21620
2793
8155
1258
28104
5544
7917
38149
12406
65510
4846
27542
809
32242
6487
8173
11893
1670
18576
2054
24795
16415
4613
4018
8238
61
37970
23839
8342
48879
10577
24415
19360
57353
1314
3745
13816
171
7899
53989
59983
15716
28493
41768
62360
7037
21383
35878
30346
24071
4967
23308
2842
10200
15271
373
8658
9735
54253
40767
23130
35011
40986
13180
12855
20787
57554
26550
48837
4015
35897
8833
16560
42123
6589
12139
4995
690
37011
20491
26763
12032
8673
109908
33245
11383
1249
14170
10195
14888
39103
3407
5795
76247
47891
2031
8211
51116
10749
11000
13561
5320
26174
22941
44602
1196
1587
9383
4179
44146
16496
11636
34539
1754
50747
96584
12731
3626
37983
5519
68730
13494
34668
10435
14766
10493
139926
19353
19241
9711
64929
14651
26412
32721
7415
927
81613
23930
31049
718
5664
25522
17018
40308
32324
58306
2958
10238
19047
31334
1088
46187
11680
10136
9091
23511
25367
33792
86245
8033
42317
4504
32313
8560
9270
24481
85643
8150
6611
3058
19244
3253
987
37287
19743
10662
6469
9891
5566
72274
10713
2772
89381
17797
76621
43933
43500
707
18064
18233
1131
84448
16855
17579
36429
30849
26501
27728
13506
76117
9339
8603
13
13686
34703
4913
4267
773
11671
21441
2976
17045
2749
23527
3897
21560
656
17681
28817
72119
3968
3906
7429
1077
27847
560
21602
23489
2287
10986
8094
8465
10651
49033
21005
11059
6769
12810
5528
27498
1751
39955
28611
32543
3651
12631
57356
3553
19163
29270
709
21862
2206
31825
19976
24118
32030
16522
1273
32322
89536
17810
15470
9208
55696
28606
4138
3349
10957
16877
82157
10942
34716
8417
1819
11895
14595
10333
42489
29519
8641
25573
2988
3107
12233
24198
10646
60542
73789
15705
30799
4511
17647
3000
11261
13923
37
4175
12881
10080
1883
4652
232
49525
11147
685
20474
17773
20541
13917
37425
1273
10691
45852
131587
48395
2880
10672
25741
66345
1593
31612
13977
25041
38686
2166
8723
13055
17299
8534
59857
68065
52073
15552
14093
14605
40340
1636
23477
13566
72281
16183
61173
15944
13500
12778
1514
15663
5920
70540
6158
10561
40500
622
15753
9
2961
28777
36953
20844
12477
23862
5331
8822
5234
5394
1279
2756
25186
13524
11562
110882
3829
33540
9830
15898
149
44313
5818
37393
5185
6026
796
8742
8740
6905
22926
94
10862
14983
24516
19224
22399
34871
28404
5694
92733
61148
11608
30708
12447
30703
25401
478
28303
6344
49297
12317
21456
16801
15868
16808
5861
26110
17239
28889
57024
49264
17684
1717
57
8966
30535
16255
10736
18787
28679
25111
12050
26012
64935
118815
19354
4004
55280
41998
33551
4599
79352
30364
75038
30670
86318
1004
32690
96850
56542
16319
62784
31605
14615
623
82786
7651
1585
15759
1348
60457
636
50993
38779
4318
4847
28555
63298
31469
26984
37288
5025
12449
35638
23812
2761
23583
6273
41457
26173
13896
20589
3140
9697
7400
35433
19586
3554
116879
10872
3397
38660
30834
3266
133131
38772
7003
42504
39471
4886
4497
25744
6988
8699
35498
24517
44859
14677
13158
3621
17578
20137
7286
14704
30214
2203
56855
3017
15813
15440
46672
9348
48458
776
1514
32508
2407
3731
9749
242
4335
30744
40727
34387
27823
36470
148
19969
3146
40
48473
47730
15019
157202
2054
22785
5355
11250
27605
3973
2185
9383
68524
3581
18182
11095
3518
9399
11079
778
4174
51245
12823
2
20064
16405
23
6840
46843
181
25425
19118
61217
30867
43132
774
79692
10366
16892
952
40303
1193
24597
15942
27300
51463
1162
18629
12015
84041
29370
14383
1650
607
9225
53539
69107
530
7386
1484
19896
5192
9291
15254
10965
20186
36191
15630
42631
47147
19976
9289
2423
3882
47043
22385
11330
34199
18129
12788
9455
661
1924
15429
28990
13080
60922
7485
35553
17016
7050
4629
2739
14625
18992
10209
21917
21193
9846
2611
13868
31473
27023
31613
41526
13996
22246
54557
5561
24141
31944
29454
13744
20693
41634
63463
19465
14033
586
40787
786
21066
21746
46396
59652
13029
15800
19292
44140
97430
26959
23159
40824
54268
41764
51035
19432
44902
21121
17212
34366
6647
4036
803
18041
90663
10089
1392
66130
17449
17518
5464
79311
32273
18689
3433
2597
33800
16882
32587
15025
5219
16554
51394
84676
40525
11787
17918
24440
14327
23993
14793
34137
20856
1809
26088
5424
22536
20730
50807
34990
20498
40576
22047
13560
17907
32146
3208
4846
33238
27243
42874
10839
24373
39
36469
24211
2219
6533
15569
20457
3733
1107
46791
6312
30864
7285
47452
11412
22391
40112
25432
63408
51339
35601
8929
1610
43186
9755
2872
4618
28746
4462
17178
24782
175065
18384
27780
44521
54268
15469
47444
40064
25689
19310
22481
51258
1307
59379
53156
5968
88022
9555
19926
34941
17464
12339
82164
56764
35634
36985
4726
15637
17358
363
6067
4357
108092
32131
2171
14669
48105
13202
43239
43818
5963
59051
8078
19082
36882
31161
27531
16637
6169
33784
3309
45740
93851
2127
84376
13031
45740
44360
7393
9499
55956
478
18495
7318
40848
3735
19385
19892
13241
24185
714
5519
39853
19793
8204
2648
20248
8730
13338
79743
64720
4935
24342
5619
1230
17897
4607
80392
53255
763
26852
3531
56
38851
40582
3309
86981
17278
36394
47688
8587
37410
48995
9453
28990
13511
423
50823
26987
11780
6239
35685
7291
29519
530
11128
65296
2360
73636
39504
38169
32564
18030
1557
17361
23696
7782
15177
16680
13831
38839
84
75777
20062
44225
45982
14060
12271
20183
22
26828
7667
9738
13170
9770
20020
41149
287
2431
151
56194
24488
45105
30391
70694
6567
5547
6619
2163
27771
1
1769
793
1766
20031
1201
34535
26173
109390
5448
5042
29075
49638
10218
6193
94113
14670
50539
49893
6731
10749
20697
29470
22683
1167
171
73287
18204
76554
18123
48725
49531
5419
83040
35941
16252
67769
6253
9811
19580
11707
20823
732
34701
53302
55090
890
33321
37258
585
4600
1719
48616
26926
7641
5675
14021
2373
28253
9825
10640
39872
24920
4948
7732
55771
17944
2315
46786
8091
19312
33470
3064
17947
38801
8446
4016
118
13020
15157
22687
32574
16393
11629
22151
3801
25202
2023
68630
4056
9123
3942
53584
35222
62956
5515
92467
14368
23990
14775
10992
2776
9338
12884
4200
11440
6173
12909
28
20144
55572
9009
68469
5674
57454
17194
16555
6274
8641
7384
94
6472
27259
52484
15904
20386
4482
21386
17797
55516
54775
26986
3125
2209
43031
19385
27650
10950
21008
46278
22858
21372
20288
37014
39361
6511
40681
517
10045
14353
7587
20247
13219
2701
47286
13044
53305
15759
15495
20348
46042
17342
16468
3898
8450
105340
10874
29386
11285
11310
172
3851
18642
8829
12972
5778
4202
31543
3912
26713
1980
5776
12027
27755
14773
9357
23638
26840
76514
87831
10177
3973
7678
57064
13227
30330
709
28262
1111
145109
6554
20061
51462
7518
16520
3823
26156
66497
3006
6208
30327
29757
1340
24250
13539
61143
16865
11725
12754
31949
19893
24210
8243
56327
102644
20044
638
4233
144147
45840
17878
4840
50013
16653
3998
1988
17175
21045
6604
67379
12022
43293
19486
7321
43618
46706
10942
12450
10379
25427
1143
20587
60511
57895
3911
8607
2497
579
8290
14748
12862
16113
22912
4110
2059
30973
20760
90983
377
20050
16590
13135
22963
33096
34483
24303
34968
145562
7421
22461
33090
14988
17431
39695
44703
32963
21289
18315
31985
9881
71176
135001
63809
37626
9868
14200
15797
1261
75272
26198
50527
68610
92994
11811
19244
26826
12314
48263
92306
6735
7486
17529
20494
41653
3905
57798
12697
9227
20783
4154
57726
583
86620
13674
9562
6161
1646
22727
9149
47337
21594
14476
36175
19311
5068
6949
467
509
292
728
2776
53191
12343
39920
1765
8472
21584
10250
14148
35375
11262
9499
28935
30635
3844
18655
1335
10659
62
581
15488
3242
625
21955
49018
14519
24739
19702
24384
114
21203
35188
24061
38741
14651
4694
41219
36664
2009
22833
7917
618
46614
12459
4437
6223
139391
7539
19244
56409
422
86627
1775
5506
33940
21644
43312
13121
9960
15442
383
3015
30179
8987
38271
26
42045
5107
12620
8911
6017
17478
13230
8597
9818
3144
1563
77272
17092
188
24773
2351
11490
53545
22033
6394
93346
6899
14646
10094
13897
34168
13394
26267
6900
54141
12865
3276
25296
15360
7921
8631
191898
18310
9098
12033
22072
18322
13735
4201
37847
12101
52579
7810
2640
7311
8746
5607
17015
29879
80098
38306
893
12279
12924
14620
16616
47421
81252
3061
20264
21158
6112
12405
58891
63024
27753
38302
19102
1752
7452
352
20965
46064
4566
698
4002
24214
7823
1808
2126
45442
6746
7434
4391
4661
9003
58954
3293
58983
1431
6884
30287
22472
9495
32372
4138
34553
4359
12694
2677
66520
18339
53968
76987
4246
40243
8464
729
5395
36579
17115
8214
28064
35323
29087
12796
23830
62154
23051
16325
33133
10814
28244
27001
11254
10420
4170
4367
59986
48242
56650
28817
15341
64364
3858
28388
23279
4176
45795
11206
3702
15556
20343
4270
4493
13113
18704
67752
16982
32892
3711
13343
1771
21290
19796
6330
12183
2537
10088
12040
19027
232
18099
86817
5677
8713
14042
25325
93
75928
57051
29521
19884
27161
510
10863
52167
3169
58957
18535
28386
3231
1616
18222
90083
26916
390
23154
16503
26446
42318
74
20635
596
76969
21243
2879
16610
97953
51885
16081
15440
84653
7396
56
34576
969
43465
13293
32818
25000
17927
185
116554
15014
38003
4987
25243
16659
18333
23881
14203
5758
20796
32433
51759
2390
1516
14448
2729
19111
35879
8465
15872
6167
17309
72011
26806
2069
2273
7055
41071
33294
10514
826
29287
10038
7340
16549
10786
4912
10893
69171
28774
47829
50825
9502
255
14585
45974
17821
97790
78946
40757
9192
4405
9975
4962
2133
6427
30087
48741
53775
37321
1187
82380
4308
9413
3247
15104
9311
28899
29442
13230
165047
5850
16442
41839
4875
43709
35741
79525
11171
36181
7948
6579
27422
27405
6111
3202
3117
57882
4670
28836
9877
14824
15674
3815
7770
37905
26335
34923
4964
21063
42567
2133
10458
33998
58621
6518
11536
40911
35940
10565
3846
15725
296
8177
4936
23040
38768
2177
24029
11980
20978
55261
24047
1363
54912
4608
4413
6052
55153
748
17384
42921
11789
25708
3451
19355
15978
24576
11734
26218
8439
10848
24142
111231
2264
9523
41807
43305
21519
36699
12848
21681
4748
25636
13943
25875
16480
13974
10857
28897
22426
32766
11711
31776
40980
56056
17464
29557
41266
710
4651
11866
81591
15889
12675
13889
27618
71684
83317
20454
6440
45935
46023
2538
12501
67280
179
5141
59563
31434
6609
26856
4164
99541
52604
85730
51004
8802
19708
47661
748
8397
5650
1877
63961
15526
957
3563
1058
3712
28504
54463
3370
8456
16927
22126
12756
5759
30815
20808
35301
11982
45696
17402
50598
33092
5066
3561
5183
41878
942
20936
151187
62258
7
16560
6519
59116
1792
1353
29851
66281
13444
6579
5291
22047
9195
15197
3076
74300
3234
32931
2672
23404
73120
283
16930
6190
59999
3725
6518
12109
12591
31281
16436
62724
17534
43095
16221
29796
24350
9102
65233
22504
29373
9449
48017
9442
33475
47984
26335
34344
2658
39155
16
20918
5890
26206
45285
11252
11963
38267
10817
6786
18929
21969
11465
3451
34053
53327
26308
30009
300
29149
8229
2106
26170
3897
87
11088
85773
41351
1087
42506
1946
5745
37778
36927
3633
15465
53903
17387
4350
4246
3085
19186
7388
1028
32584
1479
35630
26149
63942
10577
7898
8120
30065
10575
3861
6982
16105
21723
13216
4126
29232
7572
810
36312
10230
3577
12838
2825
4195
40061
18166
8723
26725
2263
12182
18204
1825
30143
8600
8128
35697
50397
16417
14503
6311
9476
11
1964
15831
21537
6426
8751
22700
10972
13402
25670
14181
18041
4530
56495
15063
14835
10829
45356
15903
14958
13040
31392
9449
24155
51363
5115
35901
2226
6506
7498
6790
12375
34539
20428
14720
49279
17297
12948
39333
1058
18947
12509
95215
29618
19477
17029
16355
49586
15839
8537
10124
18176
44112
4901
41757
56889
9574
23723
7953
19595
75603
36967
10563
8288
6491
26806
3623
47539
30773
33196
6833
59463
60190
26815
12786
71937
5390
33698
55078
1142
8017
32104
22510
7128
9644
17798
44216
15602
69632
2760
35521
733
44663
15441
24254
21308
7863
24303
35445
14046
19170
42789
2530
24274
35027
19881
21902
2816
12398
94342
14140
19368
3874
14244
31095
1297
10866
43357
25983
411
48688
26456
7174
29428
15424
68762
6340
71501
34051
26487
3046
2873
1265
38525
13610
13132
11357
70
5669
171
73454
37739
406
51158
12482
53657
83401
34691
4038
21242
15399
14247
3452
7298
49763
6570
162
31972
12845
21486
15588
11821
33490
175
9723
32901
46133
4697
47632
44524
20322
29024
67930
2945
3954
63631
146
13129
10506
3597
6254
3711
12441
24344
927
66294
6581
10902
47726
16359
23342
7076
3782
21277
2060
1096
9230
11604
30957
104
2331
26180
1398
5010
19642
24496
37305
725
10319
73434
41206
13371
40596
6721
116326
69960
16179
34169
31642
661
6061
2297
69587
35606
52044
69021
49928
62450
40198
15864
72758
15886
45408
13723
25675
8017
6512
24496
44988
11177
1717
18603
2755
6578
1560
170058
17362
61281
13054
30554
20161
711
28803
27431
4419
151
41418
65613
13697
3942
17711
16219
10801
2671
19309
12811
38855
8405
15231
6729
71105
133634
51362
35548
12351
28714
5665
1218
82827
5501
28741
546
3083
5652
49620
9696
40709
1704
880
23617
5421
14565
23792
16156
4377
9171
13714
9278
11474
21387
11814
4363
4355
23713
31820
16704
23014
3056
22731
34119
16210
13251
7280
7003
48233
3941
1711
54590
22394
2631
28965
470
9551
62423
67025
49124
4370
5769
21972
26728
24933
462
5851
45753
9590
13638
24013
7629
2324
7883
23622
25921
28875
2618
13292
84076
297
2327
38508
15514
10396
16233
2683
2071
104439
12487
17427
3852
7892
818
5086
27671
3285
12853
41322
8109
44829
37601
32377
22001
7005
26469
115193
112321
51086
40579
9015
911
25451
3625
31572
49484
69012
7154
91649
74313
49865
29808
23233
24455
1264
39871
97845
933
24405
36047
7592
30916
3280
15019
20132
4932
1686
12450
42289
2134
19334
7671
22883
23998
3057
105120
10895
5043
1708
13617
10479
20896
28586
17164
9704
28367
58272
17
36377
1874
1232
10854
25783
369
3725
6438
19929
4421
341
11141
22392
72738
3193
24592
15484
10995
98904
10203
14395
5729
22824
20103
7002
45174
8261
14687
13345
8271
49555
9442
5388
27683
10950
32448
220
55418
63316
5006
10228
7624
23657
8836
113861
25875
11949
21861
71159
15560
34614
73527
42150
9977
6588
22202
6549
31252
4127
18861
1644
1358
2009
2282
8504
26110
26340
35487
2908
6868
46323
112070
19655
15450
30964
8178
4419
13904
60978
16574
4445
433
47328
30490
9854
6970
2784
37328
23349
7667
22960
10323
86773
4166
4129
433
30756
2672
22532
33922
2471
21667
22110
2086
52
26649
6259
13131
35176
29558
4797
41500
14046
16190
42926
21862
22049
41758
1553
12210
23766
17738
5305
6087
10164
7144
5846
8607
57934
3875
126
7708
10648
24828
20047
32857
2636
7063
86769
30454
23123
2167
14038
22506
415
29654
49538
11132
55990
8106
58983
45632
33793
26499
59334
9429
32981
13554
5007
3454
1193
5308
5111
160089
33398
80561
24000
915
40791
719
7312
8123
12232
29039
12714
2109
14425
81162
8572
8866
26580
77120
8822
7573
42335
7229
25317
828
14517
6633
40261
182
6004
18020
59506
2410
60438
41037
1209
31738
35091
54866
13788
21662
5215
681
25
20290
1045
29424
6218
47046
28152
37906
7422
16420
11202
19288
33906
26
8247
8274
19351
38977
41744
43678
27418
6131
40165
32657
3492
27505
7049
10225
5626
14132
6278
6459
47947
3162
13688
101913
26932
401
20326
43048
24915
25914
43479
6193
44977
20648
6954
48657
20429
455
12381
20642
20611
14551
935
29983
7135
29434
50656
63105
23479
35
5931
99264
14746
5632
18597
749
94762
6111
10744
25193
71439
3143
13156
53337
17762
5154
16268
28224
1499
83421
6324
16316
3495
22623
1545
23532
9340
29654
11580
36331
123057
8908
149879
8242
79763
10431
12276
554
12454
4734
44964
7058
594
9855
17899
32370
4452
7752
26416
51829
4131
14783
13351
11190
14585
74
60221
119559
33931
32240
5914
13244
2368
35
244
4772
149
22276
3369
25076
7612
15046
35415
30238
45752
11592
22530
7583
11826
24485
9860
56919
671
29458
6931
700
74950
51944
2980
14970
61694
56751
6940
12393
6843
29135
48758
24400
2471
14215
39070
82477
10456
4728
186
18577
71912
30186
53761
66377
20011
144
21302
28075
22274
8644
16844
54335
10162
18481
12821
24814
1756
7731
11142
7378
119321
17057
2903
30848
7884
16253
13721
25774
14062
10700
3236
2396
4108
10938
14981
5611
65603
115256
35619
18724
31289
89395
5845
1760
33639
35872
16307
41392
30047
21188
11259
4944
3551
232
396
2953
55856
12840
3371
6150
10244
3911
11572
16031
8895
19854
6804
31238
32602
29835
48372
22378
9730
4453
24056
16838
54236
2080
138582
2082
16735
18434
28878
23571
1189
15438
28349
40571
33420
10077
21640
42249
7343
630
21638
53915
4854
34964
12348
9005
13260
504
6755
41897
12518
7271
26368
2744
4769
415
8386
75639
3455
10698
2084
24763
4663
3270
54302
804
23784
19947
15749
37999
13331
5912
16487
9281
28965
15013
4919
9675
12759
30585
14158
54059
33761
5385
11249
31176
1455
34706
3952
2783
23280
25039
7867
33725
63697
25260
3574
10004
153
6139
39798
4947
6275
2314
11656
3535
18971
5708
26042
7373
3253
48545
16241
35451
10927
59018
7639
7297
5094
24089
1907
23719
22742
4403
10915
35077
19605
30334
32901
7532
431
3350
55826
3700
17640
74311
8092
31650
49098
7652
16375
28352
14248
1450
16002
5669
1124
4771
16001
27216
44316
36398
65454
14
11133
20830
8619
2952
4266
74165
24259
440
2484
18946
95314
38848
7049
2100
20818
5316
19020
43796
493
23665
35041
7804
4279
2063
22300
32659
43865
2065
2972
29104
28489
18878
33896
120666
75173
14913
33484
48568
28915
11376
18862
3342
52112
20333
19124
22077
44492
15499
938
47379
121456
10207
54981
47014
24113
11585
16929
40987
19808
34256
2959
1425
203
59288
34563
6515
450
4114
3208
3324
7913
35675
17576
17594
13823
8289
8433
487
15329
14379
1425
19519
48
22745
2271
12637
11166
13923
50247
5823
11849
15564
17019
21656
1868
27011
49929
23598
104448
44029
17445
2143
33272
34228
61024
16114
59640
12912
54659
5467
4885
50922
38867
1251
6232
14973
36819
15658
22766
25370
209
17824
1218
18634
28823
136
24897
9509
25561
28520
20433
86286
66843
98
30988
9661
49473
40937
67850
190026
1801
40510
11276
24774
4117
5205
1095
75833
11809
28180
12719
198521
21814
5846
5687
57554
5975
53053
24852
7800
5729
7008
7209
32596
4819
74014
7130
45949
26008
11570
7945
1282
8552
6255
1723
5128
50971
14905
31095
7177
60188
33898
75349
2457
6084
2731
601
346
7900
9768
60081
5136
2518
23239
43666
6274
38542
13441
24318
14420
5516
4824
14316
12441
3289
15654
9791
48601
21074
40387
6236
25634
6524
7505
6735
33594
20476
39149
1756
7639
11164
2222
3912
8461
36395
52838
14519
30247
49178
1501
5689
3342
11393
41807
59836
7862
62118
26080
91
4995
4479
94552
29498
4762
9566
18153
14805
15243
24079
6671
27404
21044
23612
7134
68487
15587
1586
6315
44606
4757
24998
6806
109812
94535
7995
21472
5576
33937
12506
18127
19392
58889
13864
13330
969
11011
9618
28189
22329
23356
23200
6791
14325
8131
2864
23782
62055
47471
16178
13685
1190
10239
36428
1619
21908
17791
33524
28786
70741
2956
36281
27241
32727
13036
42018
1782
843
5509
1669
49037
13948
10424
19387
3849
27959
7306
1068
65609
16444
19060
5990
2603
6650
45022
2868
24727
14050
10307
18045
22017
19727
312
23906
34585
2202
24467
10804
34053
5097
7919
29933
46231
5794
27744
18629
426
4061
35265
5436
12433
804
10327
12115
7068
44937
4430
76290
31984
9748
24195
75897
4818
9782
21532
3899
28237
1932
14104
10758
12442
862
39094
15029
7407
73315
32795
39133
11739
22161
20391
8530
22503
66507
14121
7684
7647
22741
19182
16202
334
16202
4467
28796
17892
17137
56167
30324
61197
688
10980
14996
1311
25740
6645
98852
12277
17513
41296
24324
88
20898
18087
25581
21692
46249
16170
455
53160
91809
16589
83568
1578
39331
8163
12994
6005
13190
1714
3788
22684
23928
7286
23097
12170
49657
27255
184
4437
16885
102166
72994
322
567
56578
24431
43794
2759
37368
38449
62619
8081
31857
46459
39846
22260
11274
25806
18234
14802
6514
22733
50812
5860
20439
11325
18258
32649
984
7270
12384
29341
26160
70434
2763
19764
38811
8210
624
16902
41571
12468
2986
37765
31981
46124
4732
25501
32731
43829
64342
27498
14910
41052
15733
22238
6816
25571
54396
18311
4381
44268
3723
3667
12007
8895
15338
125853
19536
48383
31232
13268
48418
6898
55498
1998
185
51445
4915
5395
8709
14383
9891
23458
12152
17787
16676
3862
35968
43750
42193
12622
7452
28510
78445
29828
9277
7150
25238
16243
3712
5316
7856
5585
82590
14564
48095
7501
11533
61
17357
9725
1390
34049
18053
24600
65918
31719
9191
40498
11286
36462
37566
57134
11461
13754
104626
43804
27677
17255
4698
4153
23294
62663
90118
33405
1128
6644
4034
3145
21535
4374
6697
4111
29125
43825
46
10510
27322
66002
10941
47293
14710
5196
17565
17703
15597
15057
36532
6024
37636
7765
9736
32422
15592
17119
3783
2080
14851
35860
21326
14818
3764
42389
36676
5332
36646
16140
45632
48989
1675
54728
22730
48740
7513
26559
37365
3863
23078
34367
3159
5007
30725
19668
554
19492
4500
45010
62227
25280
767
5592
18615
11053
90609
9939
3188
28178
83318
10698
9161
4670
18147
70277
18619
23464
27896
2780
5336
2901
60645
38812
45391
12532
1076
29731
77924
32920
15759
8211
63485
38653
7703
77891
9548
5951
33421
446
28665
29997
30454
6347
2532
15172
7024
8098
12485
14900
10627
13936
10039
14412
6406
10798
9836
21346
19887
20612
2257
33673
5756
27789
26236
744
99172
9173
7236
6816
4838
2468
29969
22629
11509
10369
34845
68588
25661
37485
1081
1936
23388
22813
41030
2380
54506
17994
10275
8283
5507
34116
290
1549
1938
33547
3711
3532
27964
6184
43909
9974
924
3364
24294
40754
108647
40963
27488
11501
4131
23643
16789
5881
31565
36561
13477
32197
3692
2002
25677
52106
27213
77034
14773
36916
90
1525
28438
11399
2205
3057
75179
9894
7706
89009
2630
701
1057
19536
30780
21328
8740
11783
5420
36193
57258
9202
28634
11221
6845
18167
94179
23268
27526
12369
6308
739
9434
1145
23602
7713
62732
21489
96345
33089
10532
123022
43131
67550
27094
18535
7549
25849
1968
6113
64702
76984
35178
27916
47041
19761
21305
17479
14855
21938
16085
46655
6372
109972
21132
6386
25095
77744
48705
16440
36120
551
3861
7276
6089
53933
1975
14785
17417
36979
3212
35982
1451
789
37164
19870
52692
2032
19753
5603
19365
3524
47805
9913
13865
3678
5329
6045
28321
31604
3721
8066
32548
20858
16191
11816
46558
40863
21085
43664
3793
3179
5898
9135
3863
12551
29654
17187
46649
29732
8639
20624
22391
1084
4884
3128
7682
3572
6635
34331
4834
4297
4202
18563
31032
18873
4482
16585
6097
18755
15341
7545
28446
4426
1356
8178
6755
35845
131478
43783
35620
15988
2836
417
20192
20038
2743
4304
16122
23523
4428
13825
77751
11382
10824
33344
75839
65980
42691
20057
2653
3670
310
10493
3116
5597
48528
10468
8602
6896
11646
30491
22272
8433
17546
20389
34806
55955
1739
22170
6075
22992
41509
42031
3853
10411
28238
337
7755
21582
40460
1441
6148
8802
6662
2217
15028
103001
10995
16802
1108
3275
42297
1011
17964
67528
6270
7748
8878
18327
12017
4624
24455
9729
2208
10208
26697
45567
38422
33633
60213
4905
36533
5142
4766
54905
37290
30621
127
23623
62979
868
5728
6834
33595
5154
508
2530
31335
14773
14623
67326
3476
25198
427
4335
11462
26358
9583
28416
8512
16491
4318
467
63066
6469
10222
2497
67789
6392
7251
15961
1172
1716
3429
6958
26221
11344
13991
61448
43090
29732
16159
17633
5445
772
109095
53133
3927
5981
8499
21514
28037
1690
20341
74444
13822
15505
25774
27023
31558
10720
17518
79121
55081
31017
6964
3126
287
120972
24607
16116
6823
17093
28242
4677
1081
9769
35049
10567
78564
19030
9053
15961
149408
47228
6
45646
9903
22606
24619
18555
19717
248
4430
61037
18865
12506
3541
2289
73156
13017
1068
1339
16654
17608
22257
33111
14551
3666
10036
61015
37927
91
4967
11507
20424
8101
20006
46908
2070
81664
53174
17472
69536
4529
16122
5700
5889
27401
63912
13904
27899
15496
17353
87443
9426
80965
1923
15885
1097
319
15469
5751
76509
1272
29558
17457
717
100911
39999
95714
13619
11541
53557
25158
56333
1843
13369
18965
39738
8849
21724
33211
6158
17530
20874
83
24225
5507
8185
105182
8748
38759
16913
14035
9234
4253
72053
11954
22543
16496
16761
2720
9706
5634
34655
854
45201
53177
94436
70124
52395
26228
33840
20758
3427
6468
29427
15831
19961
6544
282
16679
48458
7131
100
18448
351
1999
14914
3856
1924
163
11506
31586
28822
14177
29918
12224
7635
42878
801
5391
61192
888
812
13659
20070
43328
11427
39643
16144
1842
5907
20147
28524
20303
22485
11
7297
28549
49124
12554
13692
1119
4680
56788
3639
88613
21680
44708
21089
5787
21841
56009
69770
2035
6894
5758
42944
17681
24751
46917
21439
5826
7645
47877
60667
15643
39321
13027
30322
10269
49879
29946
43
1140
15157
35914
29030
23371
8349
11183
44169
20941
37538
21800
35462
7449
17374
581
10168
22222
43302
13610
52642
27822
24295
22151
24913
11300
37355
29735
23588
9809
1595
31473
6586
51147
22618
23079
17520
14606
11398
9447
26466
3147
1670
24691
67950
1758
3669
20489
10836
33629
15974
140737
5877
17362
2650
28251
2765
11882
4046
44429
2050
12365
225
22013
10718
22457
18369
5043
14569
7933
65784
28211
122118
1496
11411
496
15846
30777
40130
31037
11031
20255
103695
9684
9576
12710
2294
17490
20484
4639
53058
31115
18369
33789
20545
8736
25883
89033
33328
3089
29666
53333
48617
32431
57578
14351
11540
9651
2826
10017
20467
28275
42672
7341
15004
1951
82051
7286
4892
5792
25235
7233
17111
313
13239
31738
40632
11164
1723
14750
9415
39569
12885
6858
1320
1920
105838
8003
26226
30345
8288
305
15913
33567
16438
41771
2949
26589
65939
23734
26911
17959
3793
13089
38570
134185
27334
25183
11928
2830
8433
40129
62813
98118
66458
7227
1924
46088
3537
26168
35165
18667
15061
49136
10697
1953
19110
95751
6519
17940
18487
11036
14109
35062
50515
137
85843
10898
4639
15201
47689
30517
65498
10180
20703
65758
4850
10351
74360
16296
46412
21427
15639
587
7292
7156
22278
23624
21164
14786
49100
43237
7161
30258
35158
9335
28144
5279
24706
487
110583
35328
30554
5309
3800
13604
74307
27473
10358
9360
3012
53792
18343
15195
5971
21128
853
1941
41258
650
97865
2403
7318
5232
19372
8527
37992
18839
2350
16600
4673
62339
25519
4174
58335
5454
2244
45691
58858
4436
16056
37895
